-4.01281e+01
-1.26105e+02
-1.64679e+02
-7.25437e+01
-4.77726e+01
-1.00305e+02
-8.62704e+01
-2.48466e+01
-9.38811e+00
-4.05490e+01
-2.57834e+01
-1.64046e+01
-9.59306e+01
-9.56004e+01
-5.49143e+01
-8.99028e+01
-8.23743e+01
-9.75331e+01
-7.13795e+01
-5.83174e+01
-1.04005e+02
-6.40496e+01
-9.15876e+01
-7.55766e+01
-6.25001e+01
-7.28833e+01
-7.60854e+01
-5.67570e+01
-2.41946e+01
-2.09077e+01
-3.92200e+01
-3.98818e+01
-5.02434e+01
-3.42637e+01
-3.11952e+01
-1.03069e+02
-2.96152e+01
-1.49363e+02
-3.03089e+01
-7.23759e+01
-8.75544e+00
-1.12445e+01
-9.05789e+01
-8.10671e+01
-8.70678e+01
-1.81387e+01
-2.45434e+01
-4.06235e+01
-6.65982e+01
-7.28202e+01
-5.38615e+01
-2.25267e+01
-5.09597e+01
-3.02858e+01
-8.21637e+01
-1.32876e+02
-3.44910e+01
-5.41084e+01
-1.16485e+02
-8.67922e+01
-7.19413e+01
-1.45502e+02
-3.97741e+01
-7.32319e+01
-1.53373e+02
-3.23292e+01
-1.65056e+01
-6.18784e+01
-6.13379e+01
-1.01370e+02
-1.22500e+02
-6.61499e+01
-6.05856e+01
-5.23618e+01
-1.06630e+02
-1.03602e+02
-6.96898e+01
-7.90389e+01
-6.35034e+01
-8.32997e+01
-1.05801e+02
-1.03811e+02
-2.16553e+02
-3.59647e+01
-6.19556e+01
-1.08930e+02
-7.76681e+01
-1.50409e+02
-2.13748e+02
-3.07624e+01
-1.09079e+02
-5.79705e+01
-4.88936e+01
-6.39583e+01
-2.77837e+01
-4.17779e+01
-5.25254e+01
-7.55421e+01
-2.97120e+01
-1.00139e+02
-5.67615e+01
-4.51618e+01
-8.04781e+01
-7.67368e+01
-8.90741e+01
-1.44980e+01
-6.34227e+01
-2.41735e+02
-9.74582e+01
-1.75133e+02
-4.64429e+01
-1.38152e+02
-3.37087e+01
-9.18485e+01
-1.37794e+01
-6.17672e+01
-7.71288e+01
-1.31162e+02
-4.28254e+01
-8.10648e+01
-6.92044e+01
-1.74321e+02
-1.08906e+02
-6.45822e+01
-1.06483e+02
-1.29011e+02
-1.18745e+02
-7.75695e+01
-5.48433e+01
-5.85265e+01
-8.60273e+01
-1.88425e+02
-7.33505e+01
-6.70030e+01
-3.16052e+01
-1.38569e+02
-4.53407e+01
-2.91330e+01
-1.95086e+01
-9.96825e+01
-5.32298e+01
-2.42323e+01
-6.27328e+01
-2.35325e+01
-1.72918e+02
-7.94277e+01
-1.43177e+01
-4.23253e+01
-2.62624e+01
-1.15511e+02
-3.42600e+01
-1.18289e+02
-1.16891e+02
-8.04274e+01
-4.64073e+01
-5.50546e+01
-7.29344e+01
-4.86053e+01
-9.93552e+01
-1.26455e+02
-1.38623e+02
-1.17699e+02
-5.80155e+01
-4.96049e+01
-1.59791e+02
-9.88271e+01
-9.45219e+01
-5.61297e+01
-3.74431e+02
-1.14249e+02
-8.74841e+01
-1.81626e+01
-6.25282e+01
-1.92345e+01
-5.31602e+01
-4.51637e+01
-4.74192e+01
-1.27491e+02
-5.23432e+01
-3.25179e+00
-1.38931e+02
-1.06780e+02
-5.42600e+01
-1.50322e+02
-1.10975e+02
-6.90616e+01
-1.11510e+02
-3.07805e+01
-8.23596e+00
-1.38819e+02
-5.55922e+01
-1.12141e+01
-2.66686e+01
-9.75477e+01
-7.14908e+01
-1.07962e+02
-3.94765e+01
-7.89402e+01
-5.01805e+01
-6.31451e+01
-6.28692e+01
-7.80671e+01
-3.57924e+01
-2.02115e+02
-9.03035e+01
-4.77176e+01
-8.55257e+01
-9.05569e+00
-8.98161e+01
-1.21605e+02
-3.44711e+01
-4.81390e+01
-4.67777e+01
-9.40899e+01
-2.29836e+01
-2.59555e+01
-4.88871e+01
-1.64380e+02
-1.17771e+02
-2.08727e+01
-6.56515e+01
-1.54122e+02
-2.93023e+01
-5.35151e+01
-1.09272e+02
-9.82214e+01
-4.68606e+01
-6.49002e+01
-9.74251e+01
-1.95020e+02
-1.22697e+02
-1.74902e+01
-1.29737e+02
-5.39979e+01
-4.30270e+01
-1.18550e+02
-7.53713e+01
-1.04307e+02
-1.38164e+02
-3.87013e+01
-1.19906e+02
-2.40304e+00
-1.31748e+02
-1.15524e+02
-7.27821e+01
-8.04622e+01
-1.08563e+02
-3.46358e+01
-7.79597e+01
-1.29103e+02
-1.48022e+02
-7.32176e+01
-1.06255e+02
-6.46977e+01
-4.44204e+01
-1.75904e+02
-2.89993e+01
-8.26352e+01
-3.13208e+01
-9.24439e+01
-5.24133e+01
-1.03296e+02
-6.91674e+01
-2.18737e+01
-2.13999e+01
-1.23879e+02
-1.41181e+02
-1.00050e+02
-1.28059e+02
-1.21674e+02
-5.48801e+01
-3.51589e+01
-1.00058e+01
-6.68907e+01
-5.62713e+01
-4.22612e+01
-2.82511e+01
-4.05612e+01
-2.34012e+01
-1.65418e+02
-2.99090e+02
-6.77663e+01
-1.58052e+02
-8.42503e+01
-2.59175e+02
-1.03839e+02
-1.19097e+02
-3.55331e+01
-1.07622e+02
-6.02530e+01
-4.55777e+01
-1.61240e+02
-6.91526e+01
-1.62376e+02
-8.42590e+01
-3.36446e+01
-1.52894e+02
-2.30994e+01
-3.47484e+01
-1.16877e+02
-6.08298e+01
-8.91794e+01
-5.05316e+01
-1.80996e+02
-9.42686e+01
-1.03702e+02
-5.49529e+01
-1.93783e+01
-1.07096e+02
-8.22136e+01
-1.23074e+02
-1.48774e+01
-4.44966e+01
-7.90391e+01
-1.33263e+02
-7.30718e+01
-8.74343e+01
-9.35432e+01
-5.25322e+01
-7.21965e+01
-1.20026e+02
-3.03865e+01
-8.80067e+01
-2.32872e+01
-3.10068e+02
-6.51498e+01
-1.04288e+02
-1.33954e+02
-5.88755e+01
-1.05778e+02
-6.30434e+01
-2.04641e+01
-6.42785e+01
-1.21015e+02
-9.56267e+01
-4.01968e+01
-1.49424e+02
-1.30307e+02
-6.77462e+01
-8.82662e+01
-1.73176e+02
-1.57834e+01
-2.20943e+02
-9.74052e+01
-9.80359e+01
-1.04359e+02
-1.86658e+01
-9.62494e+01
-6.61106e+01
-1.12960e+02
-8.88197e+01
-9.90956e+01
-5.57947e+01
-1.04586e+02
-3.91584e+01
-5.98333e+01
-7.16539e+01
-8.72207e+01
-8.56582e+01
-1.03883e+02
-7.11573e+01
-6.75286e+01
-5.15396e+01
-1.14337e+02
-1.48926e+01
-1.22993e+02
-1.09451e+02
-1.12229e+02
-4.66568e+01
-8.87436e+01
-5.65759e+01
-7.03567e+01
-1.27017e+02
-1.00513e+02
-7.35941e+01
-1.05829e+02
-4.01168e+01
-6.99419e+01
-5.96019e+01
-7.19924e+01
-1.41463e+01
-4.64254e+01
-2.16019e+01
-1.47338e+02
-3.70544e+01
-2.48911e+01
-8.65880e+01
-5.83620e+01
-2.63466e+01
-9.46478e+01
-5.61334e+01
-9.14588e+01
-5.50759e+01
-1.90553e+02
-6.18543e+01
-3.35354e+00
-2.56915e+01
-1.97653e+01
-6.06936e+01
-7.97558e+01
-4.21474e+01
-5.63371e+01
-7.62035e+01
-5.84904e+01
-1.04643e+02
-1.10436e+02
-7.40827e+00
-4.36951e+01
-4.26154e+01
-6.10263e+01
-5.13076e+01
-3.95494e+01
-1.30658e+02
-8.75004e+01
-7.51011e+01
-9.80426e+00
-2.72193e+01
-3.97936e+01
-1.88369e+01
-3.34424e+01
-7.21151e+00
-3.16825e+01
-9.41610e+01
-5.68392e+01
-3.23219e+01
-2.06774e+01
-7.98421e+01
-1.98877e+02
-9.34666e+01
-4.37876e+01
-2.58507e+01
-2.97059e+01
-5.12634e+01
-4.64642e+01
-9.04105e+01
-5.60022e+01
-7.13986e+01
-2.39814e+01
-9.15296e+01
-1.08191e+02
-7.15376e+01
-5.69835e+01
-1.53920e+02
-4.88843e+01
-1.46531e+02
-1.31225e+02
-7.14447e+01
-8.12679e+01
-2.18473e+01
-4.68567e+00
-1.05711e+02
-6.25062e+01
-5.58267e+01
-7.20003e+01
-1.02274e+01
-6.78917e+01
-5.45757e+00
-4.87819e+01
-4.63915e+01
-2.30236e+01
-1.87297e+01
-9.50916e+01
-1.39869e+02
-8.19657e+01
-3.94500e+01
-6.89973e+01
-7.81440e+01
-5.91099e+01
-1.08199e+02
-1.32210e+02
-2.94427e+01
-1.49011e+02
-1.24655e+01
-5.24201e+01
-4.97284e+01
-6.73525e+01
-5.04622e+01
-8.40594e+01
-9.57098e+01
-9.47769e+01
-3.17214e+01
-4.74255e+01
-7.31735e+01
-9.38810e+01
-1.74824e+02
-1.21088e+02
-1.15075e+02
-1.28065e+02
-4.38737e+01
-1.16802e+02
-5.90363e+01
-1.22004e+02
-5.18484e+01
-1.05819e+02
-1.18089e+02
-1.02885e+02
-6.16179e+01
-1.06091e+02
-1.10576e+02
-1.15315e+02
-5.53714e+01
-2.22328e+02
-1.46661e+02
-9.98462e+01
-1.11582e+02
-4.96405e+01
-5.84196e+01
-9.77292e+01
-1.56950e+02
-9.90153e+01
-1.91013e+02
-4.97280e+01
-3.86986e+01
-1.95238e+01
-8.18422e+01
-1.12494e+02
-3.07529e+01
-9.73502e+01
-1.13148e+02
-1.36373e+02
-4.24817e+01
-1.17875e+02
-4.97340e+01
-4.65751e+01
-1.52335e+02
-1.42233e+02
-1.06158e+02
-9.53392e+01
-2.33361e+02
-1.11627e+02
-4.24576e+01
-1.51199e+02
-1.21084e+01
-8.57936e+01
-9.47779e+01
-1.79689e+02
-5.48974e+00
-4.70936e+01
-7.38878e+01
-3.77663e+01
-4.37515e+01
-3.16170e+01
-6.26601e+01
-1.93950e+02
-6.92186e+01
-9.72657e+01
-1.52054e+02
-8.70344e+01
-1.74800e+02
-8.10988e+01
-9.17066e+01
-1.51443e+02
-1.11793e+02
-1.04974e+02
-4.70631e+01
-6.92419e+01
-2.55277e+01
-2.32292e+02
-4.98286e+01
-3.69086e+01
-8.69455e+01
-1.57655e+02
-3.10022e+01
-1.16046e+02
-5.82524e+01
-9.19618e+01
-3.20077e+01
-2.34109e+01
-4.12393e+01
-5.63317e+01
-1.15983e+02
-3.91688e+01
-1.33012e+02
-7.21604e+01
-1.20157e+02
-1.42783e+02
-1.98273e+01
-8.95330e+01
-1.22409e+02
-4.25250e+01
-9.51553e+00
-9.95378e+01
-7.97872e+01
-1.46058e+02
-1.35786e+02
-1.21273e+02
-1.41714e+02
-5.83336e+01
-1.50872e+02
-5.24485e+01
-7.21803e+01
-1.16063e+02
-7.56130e+01
-6.42206e+01
-6.44153e+01
-4.69792e+01
-5.26162e+01
-1.10353e+02
-7.58164e+01
-4.50702e+01
-8.17856e+01
-1.12558e+02
-8.52475e+01
-2.13370e+01
-7.57465e+01
-1.39331e+02
-5.15957e+01
-1.21816e+02
-6.25157e+01
-8.44557e+01
-1.81936e+02
-5.83195e+01
-1.41099e+02
-5.98499e+01
-5.37117e+01
-8.21930e+01
-2.90796e+01
-4.98177e+01
-6.11644e+01
-4.71652e+01
-8.00318e+01
-9.76839e+01
-8.73200e+01
-5.26712e+01
-2.01063e+02
-6.27438e+01
-2.09814e+01
-6.23222e+01
-7.29898e+01
-1.91925e+02
-5.88596e+01
-8.70140e+01
-6.42438e+01
-9.17519e+00
-6.52087e+01
-5.24463e+01
-5.96781e+01
-1.06338e+02
-1.08347e+02
-9.15755e+01
-2.35588e+02
-6.44880e+01
-1.52783e+02
-5.80589e+01
-1.19350e+02
-5.33281e+01
-5.62357e+00
-2.78381e+01
-5.79856e+00
-2.50812e+02
-8.62875e+01
-1.23206e+02
-1.75174e+02
-1.27920e+02
-2.24882e+02
-1.49096e+02
-4.22352e+01
-9.47414e+01
-1.31653e+02
-9.23487e+01
-2.62916e+01
-3.96244e+01
-1.00696e+02
-1.61755e+02
-7.22433e+01
-8.60263e+01
-1.98907e+02
-2.94513e+01
-3.13631e+02
-2.92813e+02
-7.71753e+01
-1.27519e+02
-3.24549e+00
-6.01537e+01
-1.43732e+02
-1.43610e+02
-1.64180e+02
-3.51507e+01
-1.15084e+02
-8.62013e+01
-1.16285e+02
-8.59224e+01
-1.27685e+02
-6.05704e+01
-8.74889e+00
-7.86996e+01
-7.77880e+00
-4.07710e+01
-4.71177e+01
-6.24767e+01
-7.07398e+00
-6.47586e+01
-1.09084e+02
-6.49303e+01
-7.45932e+00
-1.40637e+02
-8.19009e+01
-6.10349e+01
-9.78349e+01
-1.46694e+02
-4.61289e+01
-9.04353e+01
-5.41504e+01
-7.13914e+01
-2.34462e+01
-1.49199e+02
-8.82580e+01
-7.03905e+01
-8.65546e+01
-1.15793e+02
-7.78343e+01
-7.02451e+01
-8.89941e+01
-3.16387e+01
-2.30183e+01
-3.09408e+01
-9.75098e+01
-9.82738e+01
-1.60593e+02
-9.59751e+01
-2.52848e+01
-1.73776e+01
-5.06078e+00
-1.55479e+02
-5.54040e+01
-3.00140e+02
-1.02890e+02
-4.18975e+01
-8.98917e+01
-1.40922e+02
-2.05860e+02
-1.25811e+02
-6.03209e+01
-4.02179e+01
-1.17073e+02
-9.85598e+01
-7.78455e+01
-3.60406e+02
-1.70861e+02
-2.03082e+01
-4.73653e+01
-2.13253e+02
-1.21066e+02
-8.51880e+01
-1.06915e+02
-5.11833e+01
-1.21360e+02
-8.20118e+01
-4.19931e+01
-7.48413e+01
-1.65566e+02
-5.11178e+01
-1.01934e+02
-5.94396e+01
-2.52963e+02
-2.69173e+02
-3.23534e+01
-5.89206e+01
-1.27322e+01
-1.83792e+01
-1.54793e+02
-1.21311e+02
-5.59707e+01
-7.19337e+01
-1.09732e+02
-1.37083e+02
-1.20608e+02
-5.53675e+01
-1.71816e+01
-2.06091e+02
-6.81056e+01
-1.49080e+02
-1.90793e+02
-2.56636e+01
-1.81388e+02
-7.21270e+01
-8.24515e+01
-3.88961e+01
-5.41477e+01
-3.68526e+01
-8.46377e+01
-4.07088e+01
-4.51264e+01
-1.00806e+02
-5.62672e+01
-3.20998e+01
-5.54676e+01
-4.13670e+01
-1.18754e+02
-5.18624e+01
-2.64473e+01
-1.55857e+02
-8.61399e+01
-8.29013e+01
-6.92179e+01
-2.41816e+01
-4.92141e+01
-1.56562e+01
-1.41212e+02
-4.85748e+01
-7.07091e+01
-5.48243e+01
-8.95316e+01
-9.95824e+01
-7.20036e+01
-3.82806e+01
-6.04719e+01
-4.97423e+01
-8.87045e+01
-7.58848e+01
-4.33658e+01
-3.24587e+01
-1.03495e+02
-1.19403e+02
-1.42841e+02
-2.61424e+01
-4.18498e+01
-3.76984e+01
-7.36445e+01
-1.23401e+02
-4.78505e+01
-2.36187e+01
-1.28112e+01
-3.22582e+01
-3.26870e+01
-7.34019e+01
-8.71179e+01
-1.93166e+02
-6.63415e+01
-6.77753e+01
-7.43228e+01
-9.62440e+01
-1.31202e+02
-1.06129e+02
-8.68997e+01
-1.29249e+02
-7.48605e+01
-4.80883e+01
-6.96250e+01
-8.42781e+01
-1.25077e+02
-1.61321e+02
-2.40141e+01
-6.27833e+01
-8.46193e+01
-3.80547e+01
-1.10488e+02
-4.65084e+01
-1.18118e+01
-8.51173e+01
-2.41185e+02
-6.44783e+01
-1.12448e+02
-1.15657e+02
-3.50034e+01
-2.18651e+01
-4.59415e+01
-3.35717e+01
-5.32330e+01
-1.16401e+02
-1.08836e+02
-1.78439e+01
-1.14730e+01
-3.81631e+01
-5.26344e+01
-6.07336e+01
-7.83342e+01
-5.43273e+01
-8.19358e+01
-2.64895e+01
-9.74007e+01
-1.45744e+02
-1.18117e+02
-7.91673e+01
-9.65287e+00
-2.87084e+01
-1.44082e+02
-9.35762e+01
-5.39529e+01
-1.04097e+01
-1.32725e+02
-8.07705e+01
-1.43146e+01
-6.21110e+01
-1.28358e+02
-4.08224e+01
-6.76000e+01
-9.13374e+01
-2.59588e+02
-2.38002e+01
-1.99194e+01
-1.29545e+02
-1.02582e+02
-1.43549e+02
-9.64909e+01
-5.80908e+01
-5.01414e+01
-4.09164e+01
-1.31725e+02
-7.39939e+01
-5.47043e+01
-8.43965e+01
-3.84375e+01
-6.49631e+01
-2.08679e+01
-1.14282e+02
-2.57092e+02
-8.47220e+01
-7.82656e+01
-8.53201e+01
-2.26806e+02
-8.35529e+01
-7.16446e+01
-2.32933e+01
-6.49176e+01
-5.05810e+01
-6.04166e+01
-1.25757e+02
-5.59513e+01
-1.40498e+02
-3.06559e+01
-1.65211e+02
-5.56149e+01
-9.62501e+01
-3.67463e+01
-5.98045e+01
-1.13255e+02
-1.41782e+01
-6.74091e+01
-8.87642e+01
-1.52351e+01
-4.13364e+01
-4.27213e+01
-6.83763e+01
-1.68199e+02
-9.69822e+01
-7.86710e+01
-3.07314e+01
-1.48681e+02
-3.42650e+01
-5.68097e+01
-1.62102e+01
-1.19955e+01
-4.62329e+01
-9.02989e+01
-1.10442e+01
-7.35440e+01
-5.10876e+01
-3.65570e+01
-7.05766e+01
-1.64840e+02
-2.59720e+01
-5.36207e+01
-1.09463e+02
-1.17219e+02
-3.18841e+01
-9.49948e+01
-3.74943e+01
-8.78568e+01
-4.05397e+01
-3.39472e+01
-6.41041e+01
-7.22870e+01
-3.92942e+01
-6.51054e+01
-7.67120e+01
-9.62834e+01
-1.19707e+02
-4.54282e+01
-1.22576e+01
-4.37332e+00
-4.90389e+00
-1.29273e+01
-2.02393e+01
-3.59398e+01
-6.56134e+01
-3.00518e+00
-2.50378e+01
-4.58853e+01
-2.77860e+01
-3.59350e+01
-3.46241e+01
-1.06061e+01
-1.38026e+02
-4.42912e+01
-1.00952e+02
-3.17109e+01
-8.13739e+01
-6.82553e+01
-3.04242e+01
-2.92153e+01
-5.67689e+01
-9.21976e+01
-8.99378e+01
-1.42726e+02
-6.58724e+01
-9.02427e+01
-1.13600e+02
-4.58418e+01
-5.72996e+01
-2.57000e+01
-7.38840e+01
-1.15298e+02
-1.16791e+02
-6.52982e+01
-6.09469e+01
-8.04368e+01
-5.63708e+01
-5.21284e+01
-4.08358e+01
-1.18748e+02
-1.11261e+01
-1.44995e+02
-1.73410e+02
-8.34658e+01
-7.02338e+01
-3.09840e+01
-1.69103e+01
-1.41252e+02
-4.57456e+01
-2.48510e+01
-7.29918e+01
-7.65583e+01
-4.14640e+01
-9.06888e+01
-1.08969e+02
-3.86071e+01
-4.28676e+01
-4.46423e+01
-1.10640e+02
-9.32784e+01
-2.22840e+02
-7.04617e+01
-3.96865e+01
-9.26800e+01
-1.10178e+02
-8.88812e+01
-6.18807e+01
-1.12583e+02
-3.30113e+01
-4.59876e+01
-1.80359e+01
-3.01673e+01
-7.88578e+01
-3.88032e+01
-4.29394e+01
-5.12831e+01
-4.83021e+01
-9.75285e+01
-1.93314e+02
-1.30825e+02
-1.30985e+02
-2.78876e+01
-1.55550e+02
-3.15800e+01
-4.59745e+01
-6.18358e+01
-5.52915e+01
-9.17498e+01
-9.99390e+01
-1.65931e+02
-5.35890e+01
-4.87623e+01
-9.01212e+01
-1.29561e+02
-9.02625e+01
-5.96677e+01
-6.43990e+01
-1.32731e+02
-9.98300e+01
-4.69967e+01
-9.05694e+01
-1.73773e+02
-6.97408e+01
-3.90893e+01
-5.47807e+01
-1.64662e+02
-5.27728e+01
-1.23809e+02
-5.54832e+01
-6.52343e+01
-1.38612e+02
-3.56796e+01
-5.29407e+01
-1.68662e+02
-3.19727e+01
-1.09349e+02
-9.33204e+01
-2.67552e+01
-7.15479e+01
-5.45915e+01
-6.69771e+01
-6.28697e+01
-5.73120e+01
-5.92273e+01
-2.65826e+01
-3.35183e+01
-6.04599e+01
-9.23907e+01
-8.93624e+01
-3.79831e+01
-4.15361e+00
-4.52647e+01
-9.83652e+01
-1.16289e+02
-2.76922e+01
-3.89989e+01
-1.58528e+01
-7.49150e+01
-9.67054e+01
-4.69654e+01
-5.82792e+01
-2.78801e+01
-3.24952e+01
-5.18903e+01
-3.09845e+01
-3.82600e+01
-2.61209e+01
-4.44537e+01
-2.12532e+01
-4.03803e+01
-5.63278e+01
-1.32841e+02
-1.18405e+01
-6.01260e+01
-3.85960e+01
-1.23389e+01
-3.16206e+01
-1.65351e+02
-7.64883e+01
-7.51863e+01
-3.63692e+01
-6.95509e+00
-6.33900e+01
-1.08502e+02
-2.66984e+00
-5.29613e+01
-6.02866e+01
-5.48416e+01
-4.77977e+01
-1.54028e+02
-5.04837e+01
-2.53407e+01
-4.96361e+00
-7.03314e+01
-2.80391e+01
-1.02513e+02
-4.44118e+01
-3.09341e+01
-4.01155e+01
-1.62206e+01
-4.63826e+01
-3.35327e+01
-2.86456e+01
-4.87088e+01
-5.04410e+00
-4.05621e+01
-4.50864e+01
-4.83769e+01
-4.61565e+01
-9.73058e+01
-4.80322e+01
-2.48458e+01
-3.79568e+01
-6.29332e+01
-6.57885e+01
-4.91764e+01
-5.03564e+01
-1.18976e+01
-1.92800e+01
-7.80564e+01
-7.40935e+01
-5.30475e+01
-6.80197e+00
-4.00808e+01
-7.14747e+01
-6.85501e+01
-1.78438e+01
-3.43187e+01
-2.08716e+01
-7.17109e+01
-7.83508e+01
-5.58129e+01
-9.32989e+01
-2.64123e+01
-1.95185e+01
-8.78504e+01
-7.29771e+01
-8.83357e+01
-5.08556e+01
-1.48963e+01
-9.55988e+01
-1.15733e+02
-8.46463e+01
-1.87342e+01
-2.73427e+01
-4.53833e+01
-1.28388e+02
-8.76971e+01
-2.37527e+01
-1.11185e+02
-4.64808e+01
-3.35236e+01
-3.83343e+01
-2.99852e+01
-5.86489e+01
-1.01934e+02
-6.25269e+01
-5.53629e+01
-3.89700e+01
-7.36793e+01
-1.01335e+01
-5.70460e+01
-3.50732e+01
-6.23509e+01
-1.23245e+02
-8.12169e+01
-5.02002e+01
-2.89566e+01
-6.88137e+01
-9.76308e+01
-1.10806e+02
-5.41924e+01
-3.22640e+01
-1.42990e+01
-2.12905e+01
-6.51072e+01
-1.36639e+02
-3.63292e+01
-2.84147e+01
-2.33736e+01
-9.82475e+01
-5.47766e+01
-2.44014e+01
-6.44523e+01
-1.71587e+01
-1.24737e+02
-6.24491e+01
-1.75551e+02
-1.00473e+01
-6.84643e+01
-2.14772e+01
-3.13593e+01
-6.94799e+01
-7.95612e+01
-1.25921e+02
-5.46416e+01
-6.12323e+01
-4.31845e+01
-7.52861e+01
-3.65735e+01
-5.09785e+01
-5.14821e+01
-8.13919e+01
-2.24431e+01
-3.84896e+01
-7.11229e+01
-2.39720e+01
-1.97792e+02
-3.88117e+01
-1.56863e+02
-1.51133e+01
-1.68884e+01
-6.79561e+01
-9.15249e+01
-9.47396e+01
-1.16342e+02
-1.45821e+01
-6.65437e+01
-7.56406e+01
-3.46548e+01
-6.49627e+01
-5.73416e+01
-5.79726e+01
-2.45322e+01
-4.95717e+01
-6.29249e+01
-1.89528e+01
-4.99157e+01
-1.12013e+02
-8.24373e+01
-2.13363e+01
-5.99968e+01
-3.95875e+01
-3.39287e+01
-5.93181e+01
-2.24805e+01
-1.22233e+02
-1.16998e+02
-1.42375e+01
-2.97440e+02
-5.79851e+01
-6.58715e+01
-4.55889e+01
-3.50488e+01
-5.96766e+01
-1.30494e+02
-4.03388e+01
-6.59600e+01
-9.34724e+01
-6.02808e+01
-4.01943e+01
-7.22253e+01
-2.06035e+01
-1.90264e+02
-3.41563e+01
-4.77943e+01
-5.07228e+00
-1.00023e+02
-5.68565e+01
-3.12365e+01
-6.04687e+01
-9.49680e+01
-7.73396e+01
-1.51213e+02
-5.54929e+01
-3.38912e+01
-6.46501e+01
-9.59566e+01
-2.25868e+01
-8.78006e+01
-7.75597e+01
-7.98861e+01
-5.88699e+01
-7.88218e+01
-1.30107e+02
-1.23452e+02
-6.69019e+01
-8.30617e+01
-6.07737e+01
-8.86314e+01
-8.67992e+01
-5.83358e+01
-3.22204e+01
-6.23108e+01
-8.61097e+01
-5.61303e+01
-1.50066e+02
-5.07531e+01
-5.40090e+01
-4.81743e+01
-4.09863e+01
-1.74235e+01
-1.81414e+01
-4.85618e+01
-6.44494e+01
-1.94368e+01
-7.44576e+01
-9.32711e+01
-2.26177e+01
-3.62514e+01
-6.93021e+01
-5.45253e+01
-4.96614e+01
-8.72132e+01
-1.95520e+01
-2.17505e+01
-9.95114e+01
-3.88305e+01
-2.51728e+01
-5.91163e+01
-1.41838e+02
-9.42374e+01
-3.37272e+02
-1.34435e+01
-5.48814e+01
-7.80216e+01
-9.82283e+01
-1.68095e+02
-6.90480e+01
-1.51596e+02
-1.84695e+02
-1.30842e+02
-9.19400e+01
-7.09202e+01
-9.27682e+01
-1.01519e+02
-4.13989e+01
-5.86242e+01
-1.05664e+02
-1.90276e+02
-5.88154e+01
-1.94593e+01
-4.11357e+01
-8.55486e+01
-3.15201e+01
-3.14455e+01
-4.52436e+01
-1.01341e+02
-1.45075e+01
-5.05357e+01
-1.54932e+01
-2.08311e+01
-9.20245e+01
-4.82115e+01
-5.78115e+01
-6.00513e+01
-7.70051e+01
-6.44909e+01
-5.98720e+01
-5.77251e+01
-5.01763e+01
-5.06209e+01
-6.28909e+01
-8.23960e+01
-7.09154e+01
-2.38761e+01
-7.77662e+01
-5.36775e+01
-8.76630e+01
-3.16654e+01
-5.62328e+01
-3.33746e+01
-5.01496e+01
-2.97588e+01
-3.51575e+01
-4.68728e+01
-2.43787e+02
-1.27949e+02
-7.62741e+01
-6.90389e+01
-7.89711e+01
-8.62243e+01
-1.07055e+02
-4.37846e+01
-7.41667e+01
-5.01927e+01
-5.35910e+01
-1.11891e+01
-1.19572e+01
-1.20525e+01
-5.74564e+01
-1.57950e+02
-8.53729e+01
-8.51372e+01
-7.90559e+01
-4.18725e+01
-1.66978e+01
-7.57668e+01
-3.83721e+01
-8.47563e+00
-6.24397e+01
-4.13360e+01
-6.13485e+01
-2.04332e+01
-4.37054e+01
-4.22143e+01
-5.54584e+01
-1.12972e+02
-4.46514e+01
-1.61446e+01
-2.57119e+00
-4.05731e+01
-8.92471e+01
-3.34043e+01
-4.91745e+01
-4.47337e+01
-6.37128e+01
-4.71573e+01
-5.40544e+01
-3.13906e+01
-4.97728e+01
-7.37293e+01
-6.21785e+01
-7.46736e+01
-1.95235e+02
-7.27733e+01
-5.05032e+01
-5.96838e+01
-1.03678e+02
-4.35922e+01
-4.78487e+01
-5.13297e+01
-8.03548e+01
-2.64404e+01
-7.19170e+01
-9.22262e+01
-1.68414e+01
-6.18380e+01
-2.22866e+01
-1.87359e+01
-1.19758e+01
-3.37199e+01
-1.03382e+02
-2.42051e+02
-8.02580e+01
-2.19948e+02
-6.61119e+01
-1.45351e+01
-3.32141e+01
-6.35013e+01
-7.28888e+01
-3.79617e+01
-6.44373e+01
-6.13384e+01
-4.38449e+01
-2.02640e+01
-1.35976e+01
-1.19483e+02
-4.80006e+01
-4.20852e+01
-4.18296e+01
-5.54880e+01
-7.77094e+01
-3.25581e+02
-8.55896e+01
-6.13483e+01
-9.60412e+01
-1.24121e+02
-6.43386e+01
-5.15420e+01
-6.58252e+01
-8.81286e+01
-9.92672e+01
-1.13710e+02
-3.72850e+01
-4.19095e+01
-6.70573e+01
-9.00365e+01
-5.37299e+01
-6.39688e+01
-7.56272e+01
-3.70539e+01
-5.46357e+01
-1.40795e+01
-5.14627e+01
-5.08161e+01
-2.99442e+01
-7.06693e+01
-5.43525e+01
-4.67693e+01
-4.54974e+01
-4.26710e+01
-9.78402e+01
-1.21871e+02
-1.74002e+01
-2.93609e+00
-1.64246e+01
-1.01089e+02
-1.27431e+02
-2.86965e+02
-9.66295e+01
-1.80319e+01
-5.91724e+01
-6.80342e+01
-5.04540e+01
-1.32936e+02
-1.07031e+02
-5.26557e+01
-3.19876e+01
-6.02128e+01
-4.42103e+01
-3.32148e+01
-1.35895e+02
-9.46736e+01
-9.90349e+01
-7.07254e+01
-4.05842e+01
-3.00197e+02
-1.03906e+02
-3.01417e+01
-9.89067e+01
-1.12032e+02
-5.16000e+01
-1.57493e+01
-4.46009e+01
-5.21037e+01
-5.49193e+01
-5.60510e+01
-4.09049e+01
-7.69095e+01
-4.81591e+01
-1.13558e+02
-3.99602e+01
-7.25235e+01
-1.61951e+01
-4.72150e+01
-5.09647e+01
-1.17029e+02
-3.45296e+01
-7.42084e+01
-4.28170e+01
-4.86916e+01
-6.04304e+01
-9.65738e+01
-8.85571e+01
-9.49752e+01
-3.52468e+01
-5.30611e+01
-1.94020e+01
-3.72020e+01
-7.53819e+01
-1.64727e+02
-3.23629e+02
-1.20072e+02
-1.02490e+02
-6.08033e+01
-5.95061e+01
-1.20195e+02
-9.79430e+01
-1.19766e+01
-1.59582e+02
-1.42162e+02
-1.28989e+02
-7.34211e+01
-1.75506e+01
-7.50205e+01
-3.62246e+01
-1.25205e+01
-1.14127e+02
-4.77445e+01
-4.70097e+00
-5.10513e+01
-1.92413e+02
-3.68506e+01
-9.54468e+01
-9.57467e+01
-7.86320e+01
-1.42022e+02
-1.04244e+02
-1.26516e+02
-1.84993e+02
-7.89510e+01
-2.75249e+01
-8.38367e+01
-5.26873e+01
-8.52654e+01
-1.01921e+02
-5.21246e+01
-8.38685e+01
-2.49708e+01
-6.17470e+01
-6.61455e+01
-3.98062e+01
-3.25113e+01
-1.37820e+02
-4.87823e+01
-1.82618e+01
-9.73002e+01
-4.51213e+01
-2.99274e+01
-1.16516e+02
-9.97325e+01
-5.94431e+00
-1.51021e+01
-4.87043e+01
-1.27766e+01
-5.33860e+00
-8.43837e+01
-1.80325e+01
-7.63673e+01
-6.48436e+01
-1.08970e+02
-4.68700e+01
-2.73843e+01
-9.39756e+01
-3.13610e+01
-4.74119e+01
-1.21526e+02
-4.51097e+01
-7.46680e+01
-1.37031e+02
-7.99961e+01
-8.44954e+01
-3.61314e+01
-5.98877e+01
-3.10336e+01
-6.25019e+01
-1.89495e+01
-2.85224e+01
-2.83665e+01
-1.85194e+01
-1.25349e+02
-9.55736e+01
-8.49991e+01
-6.20361e+01
-3.87688e+01
-5.60826e+01
-2.20367e+01
-3.06900e+01
-5.07045e+01
-5.64479e+01
-1.52771e+01
-5.44181e+01
-6.86829e+01
-3.53363e+01
-4.91874e+01
-1.03443e+02
-7.17705e+01
-7.02602e+01
-9.85339e+01
-6.04461e+01
-1.47778e+02
-1.43882e+02
-5.25910e+01
-4.63655e+01
-3.26837e+01
-5.92067e+01
-1.27274e+02
-8.98733e+01
-1.92069e+01
-1.07093e+02
-9.51316e+01
-1.02690e+02
-4.16484e+01
-3.78756e+01
-3.91593e+01
-8.91575e+01
-9.34865e+01
-1.09892e+02
-5.96816e+01
-3.87967e+01
-3.74189e+01
-1.52995e+01
-5.87423e+01
-5.58102e+01
-1.64748e+02
-1.35820e+01
-5.63572e+01
-3.41173e+01
-3.37703e+01
-6.06231e+00
-1.00240e+02
-6.09163e+01
-8.24404e+01
-3.17954e+01
-5.98724e+01
-1.63616e+02
-1.02407e+02
-2.23155e+01
-5.92597e+01
-3.43166e+01
-4.52689e+01
-4.01110e+01
-5.29421e+01
-9.34684e+01
-1.27931e+02
-9.78969e+01
-1.03965e+01
-2.01053e+01
-3.36961e+01
-5.94002e+01
-1.30705e+02
-8.90494e+01
-1.13510e+02
-3.28251e+01
-7.63116e+01
-6.45281e+01
-1.33837e+01
-2.01057e+02
-8.51556e+01
-2.49839e+01
-9.43536e+01
-1.39030e+02
-9.92085e+01
-4.51437e+01
-3.01831e+01
-6.93144e+01
-3.03246e+01
-6.09845e+01
-3.52355e+01
-5.91261e+01
-4.22813e+01
-3.70158e+01
-3.46191e+01
-6.22272e+01
-9.88492e+01
-5.08078e+01
-7.47063e+00
-4.70179e+00
-3.93069e+01
-5.03067e+01
-3.58368e+01
-2.42199e+01
-1.83326e+02
-4.50259e+01
-1.02813e+02
-6.23290e+01
-1.00215e+01
-4.34769e+01
-6.52307e+01
-7.51075e+01
-5.13349e+01
-2.47691e+01
-9.25292e+01
-6.12517e+01
-1.09172e+02
-2.74878e+01
-5.24269e+01
-4.69806e+01
-1.61183e+01
-4.10393e+01
-4.01246e+01
-2.18855e+01
-6.10626e+01
-2.02505e+02
-2.55983e+01
-1.12471e+01
-3.14552e+01
-3.00691e+01
-6.97162e+01
-1.42615e+02
-5.03185e+01
-3.17025e+02
-3.12036e+01
-1.56147e+01
-8.52800e+00
-4.12509e+01
-1.20172e+01
-1.71939e+01
-7.31200e+01
-2.82371e+01
-2.69092e+01
-1.94045e+02
-5.38390e+01
-2.00902e+01
-9.63695e+01
-3.81404e+01
-7.73563e+00
-1.07505e+02
-1.46404e+01
-4.66521e+01
-3.32290e+01
-5.90137e+01
-1.43106e+02
-8.02737e+01
-1.36800e+01
-7.22738e+01
-1.40140e+02
-5.52221e+01
-5.61563e+01
-3.45856e+01
-3.51448e+01
-2.68036e+01
-1.86111e+01
-4.97348e+01
-6.46718e+01
-9.90159e+01
-3.82395e+01
-4.21838e+01
-6.83602e+01
-7.88621e+01
-1.38335e+02
-1.16613e+02
-7.22826e+01
-2.73051e+01
-6.18025e+01
-2.42579e+01
-6.39336e+01
-4.14666e+01
-6.87036e+01
-2.16155e+01
-3.58310e+01
-2.07934e+01
-1.27547e+02
-4.51311e+01
-1.41748e+01
-2.76358e+01
-9.78474e+01
-2.14658e+01
-4.63074e+01
-7.89083e+00
-6.66246e+01
-2.49077e+02
-2.55353e+02
-2.06593e+02
-5.53138e+02
-1.35189e+01
-5.79557e+01
-2.38723e+02
-1.73446e+01
-2.98418e+01
-2.37336e+02
-2.33477e+01
-1.53070e+02
-1.79242e+02
-1.02352e+02
-6.88430e+00
-2.79795e+02
-7.52515e+01
-3.32179e+00
-2.87324e+02
-7.78734e-01
-5.71833e+01
-5.94871e+01
-2.83346e+02
-2.35709e-01
-8.34674e+01
-1.80420e+02
-2.42881e+00
-1.02459e+02
-1.28395e+02
-1.84040e+01
-3.37180e+01
-9.36744e+01
-3.74974e+01
-8.09552e+01
-1.11741e+01
-7.90192e+01
-8.21646e+01
-8.99289e+01
-1.25308e+02
-1.34911e+02
-3.30856e+01
-1.31213e+02
-1.59672e+02
-1.49086e+02
-2.47052e+02
-1.29614e+02
-1.77666e+02
-1.49632e+02
-7.79823e+01
-5.00393e+01
-8.41176e+01
-1.41745e+02
-9.07496e+01
-7.18402e+01
-1.73770e+02
-6.12458e+01
-9.36382e+01
-1.19380e+02
-7.63695e+01
-1.14313e+02
-9.70255e+01
-7.58796e+01
-9.95480e+01
-9.00562e+01
-1.16159e+02
-2.79952e+01
-1.13332e+02
-1.43698e+02
-8.96396e+01
-3.34629e+02
-1.54195e+02
-8.48282e+01
-1.84884e+02
-3.22305e+02
-3.43943e+02
-9.37064e+01
-6.15119e+00
-1.96310e+01
-1.04633e+02
-4.37068e+01
-8.88936e+01
-4.12450e+01
-1.61664e+02
-9.99595e+01
-1.20974e+02
-2.90247e+01
-8.87568e+01
-8.52100e+01
-1.01525e+02
-2.12642e+01
-3.90044e+02
-8.58441e+01
-2.69551e+02
-5.25739e+01
-6.84711e+01
-7.10077e+01
-4.21469e+01
-1.08460e+02
-7.75032e+01
-7.66340e+01
-5.08770e+01
-3.13363e+01
-5.85585e+01
-8.66870e+01
-1.00811e+01
-1.77988e+02
-1.09107e+02
-6.42650e+01
-1.06389e+02
-6.42015e+01
-1.14794e+02
-4.66692e+01
-2.03626e+01
-6.33208e+01
-7.94584e+01
-4.71948e+01
-6.67483e+01
-4.39914e+01
-3.15141e+01
-2.41238e+01
-1.81830e+01
-1.10923e+02
-6.79278e+01
-1.23781e+02
-3.91836e+01
-3.79420e+01
-6.48037e+01
-3.28008e+01
-8.07149e+01
-3.12732e+00
-6.93430e+01
-4.06142e+01
-4.71624e+01
-5.33492e+01
-4.39621e+01
-2.76479e+01
-7.31458e+01
-5.87454e+01
-9.94072e+01
-7.62021e+01
-5.18310e+01
-2.13872e+01
-3.98050e+01
-4.79104e+01
-8.58566e+01
-1.56277e+02
-5.00465e+01
-1.92651e+02
-8.26803e+01
-6.13425e+01
-1.59616e+02
-4.96839e+01
-7.14483e+01
-1.24650e+02
-3.48523e+01
-1.47023e+02
-9.25613e+01
-3.39972e+01
-6.59593e+00
-6.36068e+01
-3.77207e+01
-2.45734e+01
-8.91643e+01
-2.77836e+01
-7.88552e+01
-5.02786e+01
-3.91059e+01
-3.79072e+01
-8.50803e+01
-7.13521e+01
-7.97432e+01
-8.00665e+01
-3.61102e+01
-9.71147e+01
-3.44926e+01
-4.32230e+01
-6.26127e+01
-2.11334e+01
-4.23825e+01
-3.17298e+01
-2.75469e+01
-1.19735e+02
-5.28964e+01
-1.56827e+01
-5.24347e+01
-6.11507e+01
-2.90240e+01
-3.46194e+01
-2.17354e+01
-3.54485e+01
-1.01858e+02
-6.28708e+01
-2.25132e+01
-3.63925e+01
-5.92224e+01
-3.35991e+00
-2.75934e+01
-8.19547e+01
-1.12474e+02
-3.76253e+01
-2.42740e+01
-3.08194e+01
-1.06201e+00
-1.13834e+02
-6.56150e+01
-2.93445e+01
-2.53172e+01
-1.31676e+01
-3.16880e+01
-4.49517e+01
-2.29758e+01
-3.46172e+01
-4.82584e+01
-3.73705e+01
-2.33945e+01
-2.22231e+02
-5.45375e+01
-8.49436e+01
-4.44929e+01
-6.72596e+01
-3.75094e+01
-3.17898e+01
-3.75662e+00
-2.27782e+01
-6.00598e+01
-1.73887e+02
-1.45326e+01
-3.16252e+01
-5.78270e+01
-3.59254e+02
-3.62303e+01
-3.79726e+01
-3.18225e+01
-8.73391e+01
-4.66284e+01
-1.88357e+01
-6.27082e+01
-1.33883e+01
-1.74970e+01
-5.60696e+01
-3.70538e+01
-8.61264e+01
-2.38674e+01
-1.90386e+02
-3.12086e+01
-2.87692e+01
-1.04186e+02
-5.63895e+01
-8.25101e+01
-5.47459e+01
-2.85178e+00
-1.84236e+01
-4.14515e+01
-9.15425e+01
-6.03233e+01
-1.00166e+02
-1.15830e+02
-5.29137e+01
-5.21772e+01
-7.40384e+00
-1.21605e+02
-1.06943e+02
-6.87510e+01
-1.36107e+02
-5.12938e+01
-8.82385e+01
-8.03876e+01
-5.12421e+01
-3.07576e+01
-9.53830e+01
-8.66479e+01
-6.31297e+01
-5.29252e+01
-4.22550e+01
-3.73562e+01
-3.77626e+01
-1.14746e+02
-4.72537e+01
-1.75188e+02
-7.44155e+01
-3.25925e+01
-1.16633e+02
-6.34547e+01
-4.90935e+01
-9.42625e+01
-6.45334e+01
-9.14444e+01
-7.45637e+01
-7.01401e+01
-2.44676e+01
-5.96209e+01
-5.45530e+01
-7.22400e+01
-9.25850e+01
-6.46004e+01
-4.24764e+01
-5.88650e+01
-1.44685e+02
-1.08749e+02
-7.34614e+01
-3.71563e+01
-4.93144e+01
-4.41479e+01
-4.82572e+01
-3.45800e+01
-9.39990e+01
-1.06790e+02
-4.82955e+01
-3.21141e+01
-1.58690e+02
-3.93792e+01
-3.59910e+01
-7.80222e+01
-1.40297e+02
-3.19185e+02
-1.07839e+02
-7.09803e+01
-1.46307e+02
-1.22937e+02
-5.84239e+01
-6.21490e+01
-9.22017e+01
-1.32459e+01
-4.11491e+00
-3.31804e+01
-2.27193e+01
-8.93668e+01
-2.08823e+01
-3.37004e+01
-1.79648e+02
-2.56679e+01
-6.51699e+01
-8.89519e+01
-2.43992e+01
-3.25748e+01
-3.16194e+01
-5.34096e+01
-5.48232e+01
-1.07465e+02
-2.24741e+01
-1.02495e+02
-4.22076e+01
-1.06235e+01
-1.07885e+02
-4.56750e+01
-8.71992e+01
-3.54785e+01
-6.38032e+01
-8.04566e+01
-1.28602e+02
-9.58093e+01
-1.46807e+02
-1.55411e+02
-2.41706e+01
-5.97557e+01
-1.19366e+02
-3.22625e+01
-1.53783e+02
-1.87905e+02
-1.14769e+02
-7.82288e+01
-7.67284e+01
-1.11862e+02
-1.54485e+02
-3.21166e+01
-1.80469e+02
-1.80610e+02
-1.86545e+02
-1.51313e+02
-9.60322e+01
-7.87256e+01
-3.18005e+01
-1.24346e+02
-1.92746e+02
-8.20251e+01
-3.19222e+01
-5.59220e+01
-3.27965e+01
-5.54556e+01
-4.71866e+01
-3.17065e+01
-8.09862e+01
-1.37090e+02
-3.67782e+01
-4.93877e+01
-8.31841e+00
-5.31551e+01
-8.60213e-01
-1.18744e+02
-7.56454e+00
-5.40234e+01
-1.09711e+01
-8.58305e+01
-3.45216e+01
-4.32926e+01
-7.22829e+01
-1.74309e+01
-8.49864e+01
-5.20229e+01
-1.22972e+02
-4.83764e+01
-1.34712e+01
-1.14108e+02
-2.01096e+01
-7.01003e+01
-1.16039e+02
-1.29155e+02
-5.91785e+01
-1.68446e+02
-7.43725e+01
-1.13369e+02
-9.76508e+01
-1.31067e+02
-6.32231e+01
-1.75190e+02
-8.99558e+01
-1.82582e+02
-4.11037e+01
-1.43670e+02
-5.68581e+01
-4.51820e+01
-7.26682e+01
-6.52951e+01
-1.13168e+02
-2.19976e+02
-2.09686e+01
-7.54089e+01
-1.59657e+02
-1.89306e+02
-6.15179e+01
-1.50371e+02
-1.51814e+02
-9.56315e+01
-7.51514e+01
-5.84422e+01
-5.99064e+01
-6.70169e+01
-4.28837e+01
-1.17954e+02
-6.07503e+01
-7.99956e+01
-5.48759e+01
-1.01236e+02
-1.52538e+02
-8.31897e+01
-8.67498e+01
-6.31636e+01
-3.14013e+01
-4.16638e+01
-5.49921e+01
-8.83561e+01
-4.92870e+02
-3.06768e+01
-3.60761e+02
-1.72479e+02
-5.15259e+01
-7.88208e+01
-1.26798e+02
-9.32388e+01
-8.28925e+01
-5.23644e+01
-6.35901e+01
-1.98604e+02
-7.66045e+01
-1.04894e+02
-1.84409e+02
-5.10066e+01
-5.62355e+01
-5.48006e+01
-1.22801e+02
-2.16685e+02
-1.16572e+02
-7.21291e+01
-3.42611e+01
-5.66493e+01
-2.18505e+02
-9.88721e+01
-7.50424e+01
-3.87114e+01
-3.28947e+01
-1.19540e+01
-1.24954e+02
-8.85438e+01
-1.20468e+02
-1.15424e+02
-1.01626e+02
-2.61365e+01
-3.41647e+01
-1.25259e+02
-6.91451e+01
-4.13717e+01
-1.16106e+01
-2.60055e+01
-3.39582e+01
-7.58977e+01
-5.97115e+00
-6.70332e+01
-2.70846e+01
-4.28007e+01
-5.35392e+01
-3.76635e+01
-1.57219e+01
-8.20700e+01
-1.03921e+02
-2.58254e+01
-3.58650e+01
-5.61251e+01
-5.95445e+01
-8.72541e+01
-2.69604e+01
-5.74751e+01
-3.58356e+01
-3.78694e+01
-7.10366e+01
-5.06260e+01
-9.82722e+00
-3.03352e+01
-4.46804e+01
-9.71627e+01
-1.63330e+02
-1.09444e+02
-1.10312e+02
-1.06899e+02
-1.57784e+02
-1.25687e+02
-8.51790e+01
-1.49892e+02
-1.17513e+02
-1.09190e+02
-1.37506e+02
-1.42347e+02
-9.20548e+01
-7.94644e+01
-2.24948e+01
-8.60195e+01
-1.41940e+02
-1.42757e+02
-2.26101e+02
-6.91538e+01
-1.47664e+02
-3.06595e+01
-3.09558e+00
-6.26012e+01
-7.64003e+01
-7.90549e+01
-9.80748e+01
-1.27775e+02
-6.96179e+01
-5.53185e+01
-1.21427e+02
-3.97738e+01
-5.07873e+01
-2.13058e+00
-1.72183e+02
-6.22166e+01
-5.08326e+01
-4.45617e+01
-6.28999e+01
-2.38958e+01
-5.52541e+01
-3.13084e+01
-4.09345e+01
-8.55465e+01
-2.76656e+01
-1.78446e+01
-4.37914e+01
-6.32402e+01
-3.33368e+02
-6.19227e+01
-3.33062e+01
-5.51298e+01
-1.19285e+02
-1.28825e+02
-9.31148e+01
-3.13252e+01
-2.75616e+01
-2.24308e+01
-2.53624e+01
-1.54715e+02
-3.12449e+02
-2.51586e+02
-5.02459e+01
-8.77542e+01
-9.29437e+01
-1.03734e+02
-1.06697e+02
-2.27872e+02
-7.08074e+01
-4.22866e+00
-4.67328e+01
-6.67831e+01
-8.06646e+01
-9.32404e+00
-1.58404e+02
-1.41551e+01
-7.53617e+01
-8.40441e+01
-3.02505e+01
-2.20723e+01
-1.61280e+02
-8.14508e+01
-1.23575e+01
-1.17018e+01
-6.78343e+01
-5.92368e+01
-8.86025e+01
-1.95753e+01
-1.33278e+02
-1.35742e+02
-1.96282e+01
-8.25271e+00
-4.72489e+01
-1.35800e+01
-3.24548e+01
-3.73840e+01
-1.09904e+02
-1.20217e+02
-1.05915e+02
-7.21978e+01
-5.66916e+01
-1.71387e+02
-1.00364e+02
-9.54343e+01
-6.16622e+01
-8.73077e+01
-3.03466e+01
-1.70404e+01
-2.88299e+01
-7.32238e+01
-8.76903e+01
-1.57713e+01
-7.71153e+01
-1.00190e+02
-1.61429e+02
-8.07258e+01
-1.17514e+02
-7.62987e+01
-3.21594e+01
-6.41713e+01
-7.93463e+01
-1.11847e+02
-6.94470e+01
-6.49957e+01
-1.11639e+02
-1.37931e+01
-1.89898e+01
-1.00693e+02
-5.14431e+01
-4.28336e+01
-5.28643e+01
-1.39325e+01
-7.44251e+01
-3.39447e+01
-5.09108e+01
-7.91487e+01
-1.89932e+01
-3.06914e+01
-7.01774e+01
-3.11764e+01
-4.44082e+01
-6.21402e+01
-7.56476e+01
-5.75667e+01
-5.41624e+01
-3.93540e+01
-1.05796e+02
-4.62164e+01
-5.49512e+01
-9.08615e+01
-8.33696e+01
-1.54310e+01
-2.23274e+01
-7.68855e+00
-1.11302e+02
-8.29747e+01
-6.37181e+01
-3.99223e+01
-1.27318e+02
-5.06606e+01
-6.64835e+01
-9.80571e+01
-8.48489e+00
-2.75131e+01
-7.93119e+01
-1.05289e+02
-2.71031e+01
-5.44082e+01
-7.07552e+01
-6.13610e+01
-1.72576e+01
-1.59497e+01
-3.69630e+00
-3.38126e+01
-4.53133e+01
-6.72790e+01
-8.24542e+01
-6.88994e+01
-1.17687e+02
-9.30596e+01
-7.35925e+01
-7.43105e+01
-4.52547e+01
-7.68463e+01
-5.70680e+01
-5.49688e+01
-4.29487e+01
-4.71128e+01
-7.04443e+01
-1.07568e+02
-8.74675e+01
-3.43268e-02
-2.57117e+01
-6.68102e+01
-5.40335e+01
-3.78470e+01
-7.03248e+01
-1.04791e+02
-6.20336e+01
-6.25466e+01
-9.46813e+01
-9.18135e+01
-5.08823e+01
-2.83562e+01
-2.41376e+01
-8.45260e+01
-4.45273e+01
-6.56437e+01
-6.77453e+01
-6.13107e+01
-1.50298e+01
-8.13363e+01
-1.83976e+01
-5.18092e+01
-6.14083e+01
-8.90961e+01
-1.19730e+02
-2.07273e+01
-1.95688e+01
-2.28758e+01
-1.46875e+02
-2.10804e+01
-1.53503e+02
-1.20743e+02
-6.46786e+01
-1.44643e+02
-4.83899e+01
-7.32815e+01
-3.20580e+01
-4.67592e+01
-2.62054e+01
-1.13351e+02
-6.36728e+01
-4.21848e+01
-5.71093e+01
-2.64969e+02
-5.63598e+01
-6.15469e+01
-3.64585e+01
-8.11991e-02
-2.57433e+01
-1.20593e+02
-1.97481e+02
-8.08570e+01
-2.08906e+02
-5.82696e+01
-1.87358e+02
-7.87939e+01
-1.78855e+01
-2.79293e+01
-5.56818e+01
-3.74129e+01
-3.81557e+01
-1.10749e+02
-6.74778e+01
-6.57828e+01
-1.81236e+01
-1.28075e+02
-7.38273e+01
-6.21259e+01
-3.99214e+01
-6.56035e+01
-7.12233e+01
-1.67206e+02
-2.11654e+01
-2.78028e+01
-2.41083e+01
-3.58873e+01
-5.89677e+01
-3.78934e+01
-4.40250e+01
-6.90171e+01
-6.50194e+01
-7.18785e+01
-8.03382e+01
-5.56310e+01
-2.05605e+01
-5.34048e+01
-1.30149e+02
-2.70124e+01
-1.60438e+01
-7.94663e+01
-2.63488e+01
-5.42861e+01
-5.66397e+01
-7.05309e+01
-8.55612e+01
-3.08726e+01
-8.93130e+01
-5.51685e+01
-3.81431e+01
-2.39490e+01
-4.80613e+01
-1.59920e+00
-1.67896e+01
-5.88673e+01
-1.48436e+01
-6.28154e+01
-2.17515e+01
-2.45493e+01
-8.18883e+01
-8.55605e+01
-4.98458e+00
-1.76500e+01
-1.48680e+02
-3.81388e+01
-7.16106e+01
-3.77183e+01
-9.57141e+01
-3.65949e+01
-1.47127e+01
-1.03528e+02
-7.90011e+01
-7.62411e+01
-7.97902e+01
-1.23438e+02
-5.20136e+01
-7.51847e+01
-1.59306e+02
-3.85493e+01
-6.49083e+01
-4.45604e+01
-4.44859e+01
-5.55077e+01
-3.25030e+01
-3.10729e+01
-7.14069e+01
-3.86965e+01
-2.49836e+01
-4.19627e+01
-5.70502e+01
-1.47184e+02
-7.03737e+01
-5.32107e+00
-1.08949e+02
-1.34329e+02
-1.61052e+01
-5.77857e+01
-1.09608e+02
-2.65446e+00
-4.42141e+01
-3.86933e+01
-4.07288e+01
-6.07199e+01
-5.37564e+01
-3.01117e+02
-3.75409e+01
-8.26045e+01
-9.42785e+01
-8.39144e+01
-2.43962e+00
-1.07504e+02
-5.72547e+01
-6.43214e+01
-3.91246e+01
-7.47551e+01
-4.03247e+01
-5.76401e+01
-2.80883e+01
-2.13116e+01
-1.03090e+02
-9.15116e+01
-8.01612e+01
-8.89910e+01
-5.47489e+01
-7.39227e+01
-1.33490e+02
-2.33736e+01
-6.69359e+01
-6.31170e+01
-8.10621e+01
-5.26683e+01
-9.98532e+01
-4.63453e+01
-1.34720e+01
-5.32028e+01
-3.87982e+01
-3.56904e+01
-8.38304e+01
-4.05477e+01
-7.14215e+00
-7.55282e+01
-1.52724e+01
-4.16331e+01
-2.74186e+01
-2.75208e+00
-1.28176e+01
-2.76908e+01
-9.85731e+00
-3.33224e+01
-3.68551e+01
-6.84246e+01
-7.27584e+01
-4.00953e+01
-4.28273e+01
-4.86225e+01
-3.27407e+01
-7.01801e+01
-3.14420e+01
-9.20042e+01
-3.83689e+01
-1.02167e+02
-1.79920e+01
-3.57527e+01
-3.97693e+01
-1.76413e+01
-4.56717e+01
-3.34645e+01
-1.03354e+01
-6.34143e+01
-5.05550e+01
-1.30671e+01
-7.10437e+01
-3.70204e+01
-3.93398e+01
-3.13863e+01
-8.85768e+01
-6.47200e+01
-4.62463e+00
-6.86502e+01
-5.12654e+01
-4.55079e+01
-3.36158e+00
-3.73570e+01
-1.08604e+02
-3.84803e+01
-2.25646e+00
-7.53406e+01
-1.49615e+02
-4.33578e+01
-3.53215e+01
-4.60166e+00
-9.62938e+01
-8.07038e+00
-3.68893e+01
-2.61819e+01
-3.16682e+01
-3.58294e+01
-3.60919e+01
-7.25305e+00
-4.37255e+01
-6.37484e+01
-7.61649e+01
-1.17140e+01
-3.51949e+01
-4.71002e+01
-5.20432e+01
-2.02940e+01
-5.41605e+01
-5.30809e+01
-2.27715e+01
-6.18465e+01
-6.63642e+01
-1.23316e+02
-5.05223e+01
-7.80144e+01
-4.29846e+01
-2.81708e+01
-1.32447e+01
-2.17483e+01
-1.10274e+01
-7.41053e+00
-3.84194e+01
-6.96191e+01
-9.22876e+01
-6.90330e+01
-5.34547e+01
-5.44262e+01
-2.74612e+01
-3.51029e+01
-1.06984e+02
-6.02787e+00
-4.64729e+01
-2.50575e+01
-6.50570e+01
-2.75227e+01
-8.50193e+01
-2.40935e+01
-4.61393e+01
-1.13548e+02
-9.01804e+01
-6.23975e+01
-5.57078e+01
-4.72284e+01
-6.49981e+01
-2.83944e+01
-4.89883e+01
-7.59761e+01
-6.66111e+01
-1.57738e+01
-5.36743e+01
-5.59454e+01
-8.24251e+01
-1.18645e+02
-4.70673e+01
-1.86862e+01
-4.91920e+01
-3.26454e+01
-2.03921e+01
-3.58576e+01
-1.62003e+01
-1.09484e+02
-1.09748e+02
-2.96240e+01
-2.83798e+01
-6.26862e+01
-6.26274e+01
-8.14381e+01
-4.92252e+01
-4.47775e+01
-1.56575e+01
-3.63665e+01
-1.33486e+01
-3.00743e+01
-7.87630e+01
-4.36198e+01
-1.32388e+01
-4.61887e+01
-3.59921e+01
-2.85392e+01
-4.18892e+01
-5.54173e+01
-5.15252e+01
-5.89958e+01
-5.01801e+01
-6.92823e+01
-3.87828e+01
-1.95218e+01
-1.93439e+01
-3.76685e+01
-2.69311e+01
-7.88587e+01
-4.13599e+01
-7.44821e+01
-2.57923e+01
-7.80778e+01
-3.20626e+01
-1.09561e+02
-4.69086e+00
-4.46245e+01
-6.67916e+01
-2.80394e+01
-8.69012e+01
-5.73311e+01
-9.18564e+01
-7.84580e+01
-5.65651e+01
-2.52442e+01
-2.26338e+01
-1.26089e+02
-5.81255e+01
-1.47227e+01
-9.88957e+00
-1.50097e+01
-4.03314e+01
-8.08702e-01
-2.03293e+01
-1.34078e+01
-3.89800e+01
-1.85909e+01
-4.59112e+01
-1.49551e+01
-5.64685e+01
-3.12199e+01
-8.79172e+01
-2.29311e+01
-4.90999e+01
-8.24753e+01
-7.05227e+01
-3.13155e+01
-3.82504e+01
-3.74865e+01
-2.50047e+01
-2.82223e+01
-6.62294e+01
-1.35363e+01
-6.55704e+01
-3.85399e+01
-6.30103e+01
-4.11309e+01
-3.53416e+01
-3.39802e+01
-6.41486e+01
-3.54682e+01
-1.70634e+01
-7.18728e+01
-2.16680e+01
-3.60329e+01
-2.71154e+01
-4.65904e+01
-5.87626e+01
-3.04123e+01
-3.45998e+01
-2.90634e+01
-1.75635e+01
-9.12685e+01
-4.04229e+01
-7.35333e+01
-9.34427e+00
-3.11406e+01
-6.55638e+01
-1.51651e+01
-9.41741e+01
-3.65846e+01
-1.58105e+01
-2.45829e+01
-4.50605e+01
-1.93287e+01
-2.24535e+01
-7.13274e+01
-7.68127e+01
-8.32038e+01
-1.57354e+02
-6.55657e+01
-3.81724e+01
-5.26939e+01
-5.59050e+01
-9.56723e+01
-4.07676e+01
-9.10686e+01
-2.10992e+01
-7.97562e+00
-1.58196e+01
-5.72700e+01
-2.09559e+01
-3.52534e+01
-1.04025e+01
-4.22076e+00
-5.55825e+01
-5.25102e+01
-4.21391e+01
-1.93188e+01
-7.82296e+01
-2.48207e+01
-1.75291e+01
-2.62178e+01
-1.29108e+01
-3.32142e+01
-1.34212e+01
-4.72670e+01
-2.00224e+01
-2.34449e+01
-2.16982e+01
-5.54848e+01
-1.61902e+01
-4.56941e+01
-6.49847e+01
-1.52584e+01
-8.77619e+00
-1.68732e+01
-9.96468e+00
-4.53175e+01
-5.62957e+01
-1.99380e+01
-3.22524e+00
-1.28565e+01
-2.89064e+01
-2.63128e+01
-5.87200e+01
-1.64060e+01
-3.12631e+01
-7.42375e+01
-3.25386e+01
-1.38317e+01
-1.66477e+01
-1.34966e+01
-2.56707e+01
-2.80590e+01
-4.33021e+01
-3.16458e+01
-2.68039e+01
-3.77464e+01
-1.04025e+01
-1.90066e+01
-5.43943e+01
-5.40632e+01
-9.60122e+00
-1.15382e+01
-4.12411e+01
-6.00726e+01
-5.89150e+01
-4.58202e+01
-1.55490e+01
-2.65810e+01
-9.72207e+00
-1.14265e+02
-4.73667e+01
-6.77104e+01
-3.90720e+01
-2.59161e+01
-3.92995e+01
-5.10599e+01
-3.74335e+01
-3.07822e+00
-7.71643e+00
-2.74527e+01
-2.70347e+01
-2.98942e+01
-2.92184e+01
-2.15013e+01
-6.94939e+00
-1.66864e+01
-1.28335e+01
-2.46529e+01
-1.96670e+01
-4.24126e+01
-5.83197e+00
-1.93460e+01
-2.71519e+01
-2.95023e+01
-6.09813e+00
-1.13508e+01
-4.59420e+01
-2.80408e+01
-2.05866e+01
-2.92493e+01
-1.35441e+01
-1.04527e+01
-2.34013e+01
-1.16759e+01
-4.35719e+01
-2.14464e+01
-2.74371e+01
-2.46905e+01
-9.29097e+00
-3.72420e+01
-4.27401e+01
-6.22481e+01
-2.75928e+01
-7.40911e+01
-6.68298e+01
-7.02923e+01
-6.48112e+01
-4.75520e+01
-1.34382e+02
-2.48491e+01
-3.41049e+01
-1.28436e+02
-1.75231e+02
-3.24408e+01
-6.19125e+01
-7.00416e+01
-9.17804e+01
-8.73063e+00
-6.17060e+01
-1.15640e+02
-7.69995e+01
-1.30371e+01
-2.87593e+01
-5.81252e+01
-6.65318e+01
-4.35037e+01
-7.35763e+01
-9.28217e+01
-5.82377e+01
-3.47157e+01
-7.78734e-01
-9.12438e+01
-6.82503e+01
-2.61302e+01
-2.29985e+02
-6.14162e+00
-1.30861e+01
-3.10465e+01
-7.22986e+01
-3.96329e+01
-9.82381e+00
-5.11598e+01
-3.03919e+01
-1.03758e+01
-1.31107e+01
-3.36777e+01
-2.68733e+01
-5.46477e+01
-2.33077e+01
-3.79345e+01
-2.50776e+01
-5.39192e+01
-2.41671e+00
-6.27522e+01
-1.86002e+01
-3.85998e+01
-1.20416e+01
-1.96081e+01
-3.64083e+01
-3.12152e+01
-1.01912e+01
-2.88416e+01
-9.70374e+00
-5.19211e+00
-1.34506e+01
-5.77048e+01
-3.59814e+01
-4.18872e+01
-4.29731e+01
-9.73164e+00
-1.11701e+01
-3.99074e+01
-2.10683e+01
-1.47154e+01
-8.26592e+01
-3.59081e+01
-7.88944e+00
-2.33867e+01
-9.24804e+00
-3.66668e+01
-3.71876e+01
-1.97427e+02
-5.81524e+01
-2.93864e+01
-8.95618e+00
-9.15989e+01
-5.80646e+01
-7.34201e+01
-5.27531e+01
-4.67677e+01
-5.52297e+01
-2.44529e+01
-2.79228e+01
-4.10069e+01
-6.40747e+01
-1.80394e+01
-7.69671e+00
-4.93432e+01
-1.33951e+01
-5.92639e+01
-8.68886e+01
-3.26806e+01
-3.67748e+01
-2.96146e+01
-3.32258e+01
-3.63044e+01
-1.96979e+01
-1.73994e+02
-3.81105e+01
-7.34223e+01
-8.98080e+01
-2.90153e+01
-7.97652e+01
-4.64012e+01
-1.24058e+01
-5.24651e+01
-7.08236e+01
-5.59004e+01
-6.02645e+01
-2.68739e+01
-5.57354e+01
-6.25129e+01
-8.98457e+01
-7.83818e+01
-5.80963e+01
-3.53945e+01
-2.26347e+01
-1.66186e+02
-9.28763e+01
-4.41328e+01
-1.92549e+01
-3.26413e+01
-9.86812e+01
-7.08265e+00
-9.14195e+01
-7.97114e+00
-1.01514e+02
-2.39728e+01
-8.00290e-01
-7.21054e+01
-6.47368e+01
-9.27920e+01
-6.54395e+01
-3.27710e+01
-8.40424e+00
-1.98288e+01
-4.21837e+00
-1.48534e+01
-7.43744e+00
-2.27670e+01
-2.67746e+01
-3.66485e+01
-9.02745e+00
-1.50127e+01
-9.21737e+00
-6.91139e+01
-2.04775e+01
-3.29012e+01
-1.45470e+01
-3.96767e+01
-2.13880e+01
-2.73974e+01
-1.61921e+01
-1.16749e+01
-2.32910e+01
-3.26198e+01
-2.06747e+01
-1.25718e+01
-8.57046e+00
-1.50344e+01
-1.73474e+01
-1.52917e+01
-3.28455e+01
-4.40152e+01
-2.06950e+01
-5.45873e+01
-5.99149e+00
-1.74668e+01
-1.13557e+01
-3.13590e+01
-1.14410e+02
-1.51936e+01
-8.70255e+00
-3.85525e+01
-2.69445e+00
-4.18734e+01
-4.08294e+01
-2.11678e+01
-4.35408e+01
-4.32038e+01
-4.75345e+01
-2.12300e+01
-6.35051e+00
-4.64852e+01
-1.75879e+01
-2.68230e+01
-5.63915e+01
-1.05346e+01
-4.29230e+01
-6.86057e+00
-6.70862e+01
-2.12147e+01
-1.68314e+01
-1.45574e+01
-1.00212e+01
-2.51502e+01
-6.23554e+01
-9.32834e+01
-4.56130e+01
-2.16393e+01
-2.23945e+01
-2.00199e+01
-5.15074e+01
-1.57861e+01
-3.84717e+01
-4.02397e+01
-4.80716e+01
-3.20351e+01
-8.97346e+00
-1.79642e+01
-4.85297e+00
-1.78294e+01
-2.21464e+01
-2.25051e+01
-1.30696e+01
-2.93214e+01
-1.37724e+01
-2.96581e+01
-3.37099e+01
-1.62816e+01
-4.05721e+01
-4.56284e+01
-1.21080e+01
-3.23457e+01
-2.99679e+01
-1.68840e+01
-4.82263e+00
-3.21165e+01
-1.57721e+01
-5.52608e+01
-5.74541e+00
-1.01002e+01
-2.67088e+01
-7.50572e+00
-3.31504e+01
-2.17175e+01
-9.36868e+01
-1.88880e+01
-4.03732e+01
-7.12992e+01
-2.09957e+01
-2.48632e+01
-3.95484e+01
-3.66964e+01
-6.76380e+00
-2.16728e+01
-2.17438e+01
-4.49698e+00
-2.76128e+01
-1.50292e+01
-2.86683e+01
-7.92346e+00
-3.51487e+01
-3.17439e+01
-5.46295e+01
-2.82519e+01
-4.72731e+01
-1.95610e+01
-3.50206e+01
-2.94757e+01
-1.08508e+02
-1.54616e+01
-3.70731e+01
-3.00137e+01
-2.10496e+01
-3.09640e+01
-2.89085e+01
-7.35469e+01
-2.25200e+01
-2.44681e+01
-4.05279e+01
-1.10903e+01
-2.66809e+01
-2.49510e+01
-4.06995e+01
-3.29187e+01
-6.72680e+01
-3.31296e+01
-1.99190e+01
-4.92653e+01
-3.71452e+01
-3.92619e+01
-5.01881e+01
-1.04839e+01
-1.52485e+01
-5.02645e+00
-1.59512e+01
-5.01219e+01
-1.80298e+01
-1.60820e+01
-6.43701e+01
-3.40860e+01
-4.49973e+01
-5.76000e+01
-3.18826e+01
-1.95883e+01
-2.91281e+01
-7.28155e+01
-2.50133e+01
-4.30834e+01
-4.69600e+01
-2.13422e+01
-1.07881e+02
-3.61642e+01
-2.67994e+01
-4.80482e+01
-4.49924e+00
-3.83675e+01
-1.37584e+01
-4.17717e+01
-3.65661e+01
-4.35491e+01
-2.43715e+00
-3.04927e+01
-3.76078e+01
-9.52458e+01
-1.72778e+01
-3.39846e+01
-4.68414e+01
-1.39192e+01
-3.39896e+00
-1.84861e+01
-3.41188e+01
-3.84267e+01
-3.78556e+01
-5.75471e+01
-6.45005e+01
-1.43666e+01
-6.75741e+01
-1.57637e+02
-5.42772e+01
-7.01587e+00
-3.34131e+01
-1.98003e+01
-7.82325e+01
-1.66398e+01
-3.12711e+01
-3.95642e+01
-4.84121e+01
-4.68622e+01
-8.38567e+01
-1.37154e+01
-3.90748e+01
-7.64620e+01
-2.80887e+01
-3.97630e+01
-4.21256e+01
-4.20672e+01
-1.23811e+02
-2.99447e+01
-2.21858e+01
-4.18763e+01
-1.57768e+01
-6.10781e+01
-6.56957e+00
-3.70339e+01
-1.21413e+02
-3.42643e+01
-5.82413e+01
-5.03944e+01
-2.57516e+01
-3.13164e+01
-2.89443e+01
-3.93025e+01
-5.55450e+01
-1.98482e+01
-3.35546e+01
-1.19629e+01
-2.18552e+01
-5.38168e+01
-4.48934e+01
-4.03350e+01
-4.40995e+01
-2.41003e+01
-3.26920e+01
-2.05490e+01
-2.36213e+01
-5.19592e+01
-4.18100e+01
-4.17357e+01
-3.85564e+01
-1.29930e+01
-1.36870e+01
-2.76819e+01
-4.06643e+01
-6.65341e+01
-3.60064e+01
-5.65199e+01
-1.38991e+01
-6.37387e+01
-8.26706e+01
-1.75621e+02
-4.21444e+01
-4.79109e+01
-9.90435e+01
-2.12008e+02
-4.58612e+01
-7.19281e+01
-7.23839e+01
-6.66974e+01
-1.02218e+01
-8.60417e+01
-3.81562e+01
-6.09222e+01
-6.74584e+01
-7.35931e+01
-2.99331e+01
-2.96098e+01
-8.18185e+01
-4.96776e+00
-1.26549e+01
-3.45845e+01
-4.23827e+01
-3.13266e+01
-1.00018e+02
-4.33283e+01
-5.02029e+01
-8.66987e+01
-6.02982e+01
-1.56694e+01
-2.26010e+01
-8.32217e+01
-3.58848e+01
-2.19896e+01
-1.39653e+01
-3.90055e+01
-1.04325e+01
-1.67774e+01
-5.45080e+01
-4.64748e+01
-8.69624e+01
-3.33139e+01
-5.88570e+01
-8.22854e+01
-2.82555e+01
-1.64020e+02
-1.78593e+01
-5.80028e+01
-3.76790e+01
-3.02822e+01
-5.07372e+01
-6.03942e+01
-6.51961e+01
-8.65809e+01
-5.31055e+01
-4.13465e+01
-1.57600e+01
-1.11329e+01
-5.03859e+01
-6.47818e+01
-1.36500e+02
-2.38508e+01
-6.47410e+01
-4.37284e+01
-5.56163e+01
-1.09125e+01
-7.37460e+01
-1.46214e+02
-3.28980e+01
-5.64358e+01
-3.41918e+01
-4.06308e+01
-8.00695e+01
-1.85386e+01
-3.22392e+01
-2.70734e+01
-2.78855e+01
-2.73954e+01
-7.21402e+01
-1.14399e+02
-8.06616e+01
-1.38056e+02
-1.30541e+01
-2.79036e+01
-4.23694e+01
-5.64151e+01
-4.85435e+01
-6.22628e+01
-7.77450e+01
-7.03683e+01
-5.66309e+01
-4.41080e+01
-2.74319e+01
-1.12654e+02
-5.35085e+01
-3.14608e+01
-1.04973e+02
-4.13466e+01
-6.25213e+01
-8.65593e+01
-4.32362e+00
-2.48894e+01
-8.91057e+01
-2.91959e+02
-1.28314e+01
-1.56553e+02
-2.86115e+01
-1.46183e+02
-9.08187e+01
-9.42928e+01
-6.42576e+01
-3.44110e+01
-2.45998e+01
-4.55536e+01
-2.13636e+01
-3.64051e+01
-1.83636e+01
-2.82003e+01
-4.95924e+01
-5.74617e+01
-2.99685e+01
-7.40191e+01
-5.36922e+01
-8.50713e+01
-4.77330e+01
-7.50397e+01
-5.66498e+01
-4.08655e+01
-1.56502e+02
-9.17000e+01
-1.16378e+02
-7.45733e+01
-7.51189e+01
-3.25539e+01
-1.85432e+01
-2.02458e+01
-1.08691e+02
-1.25233e+02
-5.30737e+01
-3.19717e+01
-9.89416e+01
-7.80514e+01
-1.16402e+02
-5.19119e+01
-6.26743e+01
-3.79300e+01
-2.24932e+01
-2.45284e+01
-1.21608e+02
-5.70735e+01
-6.91352e+01
-3.24903e+01
-9.09170e+01
-6.03517e+01
-2.84126e+01
-4.28306e+01
-7.55937e+01
-3.75713e+01
-5.13914e+01
-2.67158e+01
-4.68198e+01
-9.71450e+01
-1.52530e+01
-3.32999e+01
-4.60229e+01
-5.58174e+01
-5.00319e+01
-6.79859e+01
-8.52142e+01
-1.88927e+02
-5.70973e+01
-8.07806e+01
-5.47299e+01
-6.63604e+01
-1.33252e+02
-5.55919e+00
-3.42292e+01
-1.16984e+02
-5.63897e+01
-3.13071e+01
-1.02871e+02
-1.29135e+02
-8.11725e+01
-3.37850e+01
-3.96127e+01
-6.27928e+01
-3.29960e+01
-5.21888e+01
-4.08783e+01
-7.09247e+01
-8.19624e+01
-6.57908e+01
-2.49162e+01
-6.71968e+01
-4.70949e+01
-6.88477e+01
-2.42449e+01
-3.27334e+01
-6.57427e+01
-7.11055e+01
-7.01081e+01
-8.88863e+01
-3.84216e+01
-4.48645e+01
-2.24752e+01
-3.52007e+01
-1.00679e+02
-7.07099e+01
-7.08414e+01
-1.01036e+02
-1.21949e+01
-7.09071e+01
-4.89698e+01
-2.18065e+01
-5.99732e+01
-1.51969e+02
-4.01956e+01
-5.05677e+01
-9.01175e+01
-5.92472e+01
-2.66975e+01
-9.97779e+01
-2.48604e+01
-1.53716e+00
-1.31566e+02
-1.60378e+02
-8.44473e+01
-2.51751e+01
-6.06399e+01
-4.70461e+01
-5.38228e+01
-3.55312e+01
-8.99359e+01
-1.04101e+02
-6.38010e+01
-4.46415e+01
-7.60070e+01
-2.58117e+01
-5.81116e+01
-8.73466e+01
-5.84069e+01
-1.91547e+02
-2.59700e+01
-1.40877e+02
-9.95008e+01
-2.77471e+00
-3.94827e+01
-1.00079e+02
-3.16972e+01
-5.03952e+01
-8.66318e+01
-7.24933e+01
-1.00744e+02
-7.46222e+01
-1.91232e+02
-3.91984e+01
-6.87347e+01
-3.33429e+01
-9.87363e+01
-3.80006e+01
-2.45856e+01
-7.06346e+01
-3.85001e+02
-1.86626e+02
-8.37807e+01
-6.64012e+01
-6.87248e+01
-4.99358e+01
-8.71600e+01
-1.04683e+02
-1.07943e+02
-4.16107e+01
-4.37663e+01
-4.62198e+01
-8.91488e+01
-7.04057e+01
-8.78898e+01
-2.77200e+01
-4.91468e+01
-5.08022e+01
-5.19151e+01
-5.41538e+01
-3.65059e+01
-2.35410e+01
-3.55113e+01
-7.37995e+00
-2.71452e+01
-8.85979e+01
-2.86497e+01
-1.18192e+02
-6.94070e+01
-4.57362e+01
-4.84722e+01
-1.31846e+01
-3.60744e+01
-4.61835e+01
-1.91363e+01
-2.20790e+01
-5.93006e+01
-1.73097e+01
-6.70790e+01
-5.52656e+01
-5.34926e+01
-2.92774e+01
-4.88791e+01
-5.65284e+01
-5.31573e+01
-4.08663e+01
-6.97046e+01
-5.97293e+01
-4.82528e+01
-1.04211e+02
-4.01305e+01
-9.86431e+01
-2.68180e+01
-8.62602e+01
-3.75408e+01
-1.18262e+01
-1.93413e+01
-2.14252e+01
-9.07766e+01
-3.96981e+01
-9.11158e+01
-2.02048e+02
-1.38404e+02
-9.55796e+01
-7.35471e+01
-1.28585e+01
-1.85050e+01
-3.55063e+01
-2.59816e+01
-4.67485e+01
-3.55791e+01
-2.27013e+02
-7.78106e+01
-2.39160e+01
-6.43741e+01
-1.94731e+01
-3.29722e+02
-8.17799e+01
-6.81225e+01
-4.14534e+01
-6.94730e+01
-1.06420e+02
-3.38193e+01
-1.11918e+02
-3.93502e+01
-6.38856e+01
-5.10487e+01
-9.58516e+01
-1.36074e+02
-6.00515e+01
-3.35900e+01
-2.95297e+01
-3.79134e+01
-1.38558e+01
-1.05603e+01
-3.69439e+01
-4.04219e+01
-2.19383e+01
-1.03672e+02
-9.90796e+01
-4.48129e+01
-7.97626e+01
-9.05087e+01
-9.43130e+01
-1.05793e+02
-2.93279e+01
-4.84185e+01
-7.90557e+01
-7.70721e+01
-4.53121e+01
-2.69894e+01
-5.81556e+01
-4.89756e+01
-8.70520e+01
-5.33757e+01
-2.93389e+01
-6.83713e+01
-3.83679e+01
-1.10306e+01
-8.26186e+01
-5.27023e+01
-1.16125e+01
-6.17887e+01
-9.42998e+01
-6.77341e+01
-2.01542e+01
-6.27721e+01
-3.79497e+01
-1.96615e+01
-2.77907e+01
-2.27600e+01
-8.00470e+01
-2.86289e+01
-2.93087e+01
-3.17202e+01
-2.38725e+01
-1.74191e+01
-9.88960e+01
-1.40402e+02
-6.25379e+01
-5.84284e+01
-6.51494e+01
-2.20036e+01
-2.51140e+01
-4.66549e+01
-7.28983e+01
-1.35045e+01
-2.47715e+01
-5.60930e+00
-2.06522e+01
-1.45079e+01
-7.52325e+01
-2.04259e+01
-9.92377e+01
-5.40114e+01
-1.04123e+02
-3.48208e+01
-5.11286e+01
-4.35676e+01
-3.79332e+01
-2.58028e+01
-2.02263e+01
-3.04021e+01
-4.56693e+01
-4.64603e+00
-1.54982e+00
-2.83814e+01
-6.49104e+01
-8.73836e+01
-2.73919e+01
-6.10891e+01
-8.04025e+01
-6.18308e+01
-3.59647e+01
-4.71771e+01
-2.27214e+01
-6.25788e+01
-4.02364e+01
-2.79042e+01
-2.97027e+01
-1.92069e+01
-1.10145e+02
-3.94929e+01
-7.05997e+01
-2.40958e+01
-4.40531e+01
-9.75769e+01
-5.54642e+01
-1.03715e+01
-4.32985e+01
-3.82676e+01
-2.39118e+01
-7.73944e+01
-3.94145e+01
-6.35608e+01
-2.09145e+01
-6.40302e+01
-4.66395e+01
-3.58374e+01
-1.46693e+01
-2.97344e+01
-1.80050e+01
-5.17480e+01
-5.29065e+01
-3.28902e+01
-5.56786e+01
-4.04590e+01
-1.10293e+01
-6.15301e+01
-1.26547e+01
-8.32771e+01
-1.06505e+02
-3.89381e+01
-6.70507e+01
-6.74245e+01
-1.38919e+01
-8.13253e+01
-5.21650e+01
-8.26652e+01
-7.05762e+01
-4.63242e+01
-9.32059e+01
-9.77162e+01
-6.03415e+01
-8.64075e+01
-6.65729e+01
-1.84673e+01
-5.20320e+01
-6.12852e+01
-3.17974e+01
-1.80640e+02
-2.31401e+01
-1.01407e+02
-1.72636e+02
-7.97297e+01
-6.01939e+01
-8.29154e+01
-5.61154e+01
-4.16508e+01
-8.78083e+01
-1.26750e+02
-7.73396e+01
-2.76107e+01
-3.47765e+01
-1.06832e+02
-1.75146e+02
-1.02677e+02
-5.03168e+01
-1.22553e+02
-1.03836e+02
-6.36463e+01
-1.21398e+02
-4.86732e+01
-1.08932e+01
-5.67738e+01
-1.47567e+02
-1.76315e+02
-5.15032e+01
-1.10127e+02
-1.77582e+01
-1.03151e+02
-4.96025e+01
-6.40717e+01
-8.14696e+01
-5.73623e+01
-9.02932e+01
-7.22356e+01
-3.80576e+01
-3.04632e+02
-6.96522e+01
-3.12268e+01
-5.72989e+01
-1.37427e+02
-4.43186e+01
-2.71944e+01
-9.69636e+01
-3.76419e+01
-2.49995e+01
-2.93595e+01
-5.83321e+01
-6.21568e+00
-1.08746e+02
-8.65192e+01
-7.04656e+01
-7.65666e+01
-4.98134e+01
-3.18085e+01
-2.85207e+01
-7.67410e+01
-8.94665e+00
-5.81249e+01
-7.25325e+01
-5.68362e+01
-4.28114e+01
-1.12540e+02
-4.42994e+01
-6.29569e+01
-4.60017e+01
-8.38036e+01
-7.18014e+01
-1.49464e+01
-1.98858e+02
-1.11412e+02
-7.19431e+01
-2.92589e+01
-5.98785e+01
-9.27776e+01
-9.58568e+01
-7.88160e+01
-3.35335e+00
-1.11201e+02
-4.52052e+01
-9.15494e+01
-5.30709e+01
-5.38629e+01
-1.12604e+02
-4.21051e+01
-5.64070e+01
-9.85203e+01
-4.66863e+01
-5.28921e+00
-1.17110e+02
-1.00754e+02
-1.55397e+02
-3.14227e+01
-4.75762e+01
-1.77342e+02
-1.45981e+02
-1.34373e+02
-2.78870e+01
-7.34097e+01
-1.11376e+02
-1.96010e+02
-2.20230e+01
-5.86772e+01
-1.02447e+02
-1.20456e+02
-9.29843e+01
-6.50521e+01
-6.36170e+01
-7.93196e+01
-1.15130e+02
-5.19475e+01
-3.79500e+01
-4.78686e+01
-5.93962e+01
-3.80704e+01
-1.48251e+02
-8.09480e+00
-5.37478e+01
-8.88504e+01
-1.21124e+02
-1.26815e+02
-4.54101e+01
-7.42299e+01
-3.60014e+01
-7.62797e+01
-1.05689e+02
-4.01966e+01
-6.03357e+01
-1.90965e+01
-4.73284e+01
-3.01702e+01
-1.38563e+02
-6.66919e+01
-4.48937e+01
-5.89251e+01
-7.60302e+01
-2.49775e+01
-2.11748e+01
-4.15874e+01
-1.74480e+01
-4.41528e+01
-7.09438e+01
-9.72634e+01
-4.71210e+01
-1.09243e+01
-3.60653e+01
-4.62844e+01
-8.49169e+01
-1.24174e+02
-4.56960e+01
-1.39725e+02
-1.28021e+01
-9.26840e+01
-1.06813e+02
-9.40433e+01
-7.64684e+01
-3.82358e+01
-2.13247e+01
-3.55882e+01
-1.06066e+02
-1.36620e+02
-1.07097e+02
-5.30822e+01
-7.04272e+01
-6.77254e+01
-8.81447e+01
-7.66067e+01
-3.65267e+01
-6.16301e+01
-6.81480e+01
-5.19437e+01
-4.51431e+01
-2.53100e+01
-4.70731e+01
-6.94724e+01
-6.07821e+01
-7.34766e+01
-1.12894e+02
-8.06848e+01
-6.52435e+01
-8.69666e+01
-3.73169e+01
-2.50738e+01
-1.44475e+02
-5.89664e+01
-1.75112e+01
-3.41783e+01
-7.42882e+00
-4.49836e+01
-7.64640e+01
-8.10213e+01
-9.66302e+01
-1.16998e+02
-7.96151e+01
-9.45315e+01
-3.62601e+00
-1.60582e+02
-4.33683e+01
-2.45507e+01
-8.99048e+01
-1.11764e+02
-7.54595e+01
-8.02575e+01
-5.40434e+01
-3.91721e+01
-1.19711e+02
-5.23944e+01
-3.33918e+01
-4.67797e+01
-5.34372e+01
-4.59072e+01
-4.98495e+01
-4.24404e+01
-3.30533e+01
-1.38456e+02
-2.39218e+01
-7.59445e+01
-5.30799e+01
-9.08344e+01
-1.15667e+02
-6.85457e+01
-7.53846e+01
-1.25171e+02
-5.13688e+01
-1.85354e+01
-6.90273e+01
-2.80658e+01
-4.71621e+01
-1.04155e+02
-3.66305e+01
-1.35342e+02
-4.22862e+01
-1.18128e+02
-4.74026e+01
-8.21434e+01
-1.18121e+02
-4.96631e+01
-8.47136e+01
-4.94811e+01
-2.73396e+01
-4.35015e+01
-1.02266e+02
-2.81034e+01
-1.97354e+01
-4.22473e+01
-2.57621e+01
-7.53752e+01
-6.67352e+01
-7.15539e+01
-3.51453e+01
-2.27538e+02
-1.22811e+02
-1.21664e+02
-1.57437e+02
-4.80381e+01
-1.60521e+02
-5.65461e+01
-2.11459e+01
-5.35383e+01
-1.10033e+02
-3.57908e+01
-9.57109e+01
-3.12625e+01
-1.25254e+02
-7.35425e+01
-3.49131e+02
-5.41842e+01
-1.66740e+02
-1.58769e+01
-9.05275e+01
-4.53308e+01
-1.23795e+02
-2.78515e+01
-4.61760e+01
-6.67895e+01
-9.43499e+01
-2.29517e+01
-8.43837e+01
-2.06319e+02
-9.92587e+01
-4.51545e+02
-6.35753e+01
-4.73259e+01
-8.27385e+01
-5.40149e+01
-9.13439e+01
-1.21779e+02
-3.72558e+01
-6.93461e+01
-9.87980e+00
-1.48635e+02
-2.45719e+01
-1.29216e+02
-6.95314e+01
-5.07803e+01
-1.84064e+02
-1.78406e+02
-1.97218e+02
-1.07818e+02
-3.40894e+01
-1.46577e+01
-1.15747e+02
-8.66482e+01
-1.64430e+02
-1.58195e+01
-1.21054e+01
-2.45117e+02
-3.28759e+02
-3.60350e+01
-1.53192e+02
-1.38705e+02
-1.46340e+02
-3.80674e+02
-1.49978e+02
-1.08775e+02
-1.17525e+02
-1.38146e+02
-5.98914e+02
-9.08923e+01
-8.30350e+01
-3.06263e+01
-2.60479e+02
-1.48910e+02
-1.73140e+02
-7.57632e+01
-1.78453e+02
-1.08072e+02
-4.88870e+02
-9.91003e+01
-4.54970e+01
-6.48803e+01
-1.24776e+02
-2.15734e+02
-8.90972e+01
-5.85193e+01
-5.03555e+01
-7.20595e+01
-7.10710e+01
-1.15015e+02
-8.34676e+01
-6.94191e+01
-4.82394e+01
-4.04881e+01
-4.93110e+01
-6.77590e+01
-4.55804e+01
-2.52588e+01
-1.81964e+02
-6.62097e+00
-4.60752e+01
-1.38426e+02
-4.23668e+01
-2.03465e+01
-1.43903e+02
-2.10301e+02
-5.72801e+01
-1.20998e+02
-1.51700e+01
-8.68533e+01
-6.16141e+01
-5.43983e+01
-4.95322e+01
-8.45374e+01
-1.96991e+02
-6.48116e+01
-1.38852e+01
-1.12712e+02
-2.63016e+02
-5.25352e+01
-1.54571e+02
-1.15049e+02
-4.70116e+01
-1.42314e+02
-2.27580e+01
-1.34211e+02
-1.74533e+02
-4.81874e+01
-9.11248e+01
-8.94911e+01
-2.84334e+01
-2.56456e+02
-1.19322e+02
-3.59933e+01
-1.50909e+02
-1.31494e+02
-4.50613e+01
-7.42473e+01
-1.45357e+02
-8.33585e+01
-4.65152e+01
-3.36982e+01
-2.42621e+02
-2.08072e+02
-6.80670e+01
-7.79565e+01
-1.19042e+02
-1.85716e+01
-3.31151e+01
-6.91652e+01
-1.41566e+02
-5.86691e+01
-9.94219e+01
-1.38766e+02
-3.88507e+01
-1.74221e+02
-1.10989e+02
-1.72216e+02
-2.22706e+02
-9.18751e+01
-1.89325e+02
-1.14522e+02
-4.96201e+01
-5.23305e+01
-3.50329e+01
-5.49143e+01
-1.13927e+02
-1.26029e+01
-5.58684e+01
-1.15108e+02
-8.24482e+01
-4.33608e+01
-5.05386e+01
-3.50335e+01
-5.36464e+01
-2.05937e+01
-9.83685e+01
-8.89279e+01
-6.41284e+01
-9.31444e+00
-1.72333e+02
-2.33917e+01
-2.33651e+01
-1.03134e+01
-9.92545e+01
-9.88527e+01
-5.84312e+01
-1.09366e+02
-3.48314e+01
-4.53205e+01
-3.52673e+01
-2.89860e+01
-6.87572e+01
-1.07446e+02
-5.12144e+01
-2.98252e+01
-4.80415e+01
-1.67464e+01
-7.64505e+01
-2.75381e+01
-8.23647e+00
-8.86593e+01
-8.75942e+00
-4.76548e+01
-8.01540e+01
-3.20570e+01
-5.91338e+01
-3.71648e+01
-5.65596e+01
-3.66602e+01
-2.93006e+01
-5.74450e+01
-2.23806e+01
-6.76956e+00
-1.26301e+02
-3.66039e+01
-6.31174e+01
-4.26882e+01
-7.59193e+01
-3.36049e+01
-4.05339e+01
-4.88581e+01
-1.75911e+01
-1.11479e+02
-5.31399e+01
-1.94688e+00
-2.62226e+01
-2.54822e+01
-2.10160e+02
-1.28077e+02
-4.86647e+01
-3.10059e+01
-1.51206e+01
-1.00994e+01
-1.91157e+01
-2.24647e+01
-5.13914e+01
-2.18019e+01
-4.08007e+01
-4.30393e+01
-4.36287e+01
-4.09445e+01
-3.22859e+01
-3.78379e+01
-2.70175e+01
-3.45774e+01
-2.15358e+01
-3.79743e+01
-5.21826e+01
-6.06453e+01
-2.49013e+01
-4.43337e+01
-1.50031e+02
-1.05923e+02
-8.83054e+01
-4.17707e+01
-1.60991e+01
-7.36126e+01
-7.81357e+01
-4.27970e+01
-1.77511e+02
-2.14332e+01
-8.14528e+01
-2.04254e+02
-2.07773e+02
-7.05474e+01
-4.63796e+01
-8.39031e+01
-6.47111e+01
-1.76031e+01
-1.82783e+02
-3.74422e+01
-2.17684e+01
-3.80164e+01
-1.67874e+02
-1.32418e+02
-3.54188e+00
-9.19763e+01
-2.41498e+01
-7.24679e+01
-6.24698e+01
-1.00576e+02
-1.15687e+02
-5.57618e+01
-4.61236e+01
-6.19216e+01
-7.97137e+01
-1.04161e+02
-2.62684e+01
-6.77139e+01
-8.17352e+01
-1.15172e+02
-4.36821e+01
-8.87644e+01
-7.07247e+01
-1.34575e+01
-7.34321e+01
-4.01865e+01
-8.60054e+01
-1.01444e+02
-1.29297e+01
-3.64539e+01
-5.51710e+01
-3.63692e+01
-9.58358e+01
-6.55937e+01
-7.74455e+01
-5.06419e+00
-2.33830e+01
-7.08559e+01
-5.29668e+01
-1.08963e+01
-1.51037e+01
-7.50256e+01
-2.58074e+01
-3.45400e+01
-3.31527e+01
-1.62332e+01
-4.86428e+01
-8.30251e+01
-6.60544e+01
-2.82035e+01
-2.72595e-02
-1.01953e+01
-4.56502e+01
-2.81092e+01
-3.58653e+01
-7.00001e+01
-2.58073e+01
-3.03782e+01
-1.64155e+01
-1.08484e+02
-7.04070e+01
-1.93529e+01
-2.89485e+01
-3.99327e+01
-3.04263e+01
-5.21325e+01
-6.60259e+01
-4.48080e+01
-3.64488e+01
-6.61477e+01
-4.10995e+01
-5.45742e+01
-3.18396e+01
-3.87148e+01
-6.43845e+01
-6.56524e+01
-3.10296e+01
-6.19682e+01
-4.09041e+01
-5.38987e+01
-1.56666e+01
-5.11101e+01
-2.40572e+01
-4.18752e+01
-6.32737e+01
-5.78916e+01
-3.87286e+01
-7.41909e+01
-5.88593e+01
-3.73475e+01
-3.66015e+01
-6.58544e+01
-2.81774e+01
-5.96255e+01
-3.29098e+01
-9.08290e+00
-5.76432e+01
-8.00815e+01
-4.74244e+01
-6.16555e+01
-7.65151e+01
-2.35215e+01
-3.40453e+01
-2.35502e+01
-3.38775e+01
-5.85886e+01
-7.28768e+00
-8.05352e+01
-5.40525e+01
-3.49615e+01
-2.23027e+01
-5.57497e+01
-4.38931e+01
-3.81439e+01
-8.47768e+01
-6.42820e+01
-5.26435e+01
-2.09071e+01
-2.71917e+01
-6.00082e+01
-6.59763e+01
-6.23570e+01
-1.32670e+02
-4.73758e+01
-5.50726e+01
-1.57041e+02
-2.36528e+01
-1.49628e+01
-4.99394e+01
-3.66710e+01
-5.79075e+01
-3.66606e+01
-6.57381e+01
-6.87468e+01
-6.10451e+01
-4.93475e+01
-7.91382e+01
-9.33681e+01
-3.41267e+01
-1.98316e+01
-8.48010e+01
-4.14865e+01
-1.13373e+02
-6.36849e+01
-3.66545e+01
-9.74618e+01
-1.17335e+02
-3.95341e+01
-4.45492e+01
-5.00734e+01
-1.92938e+01
-2.28900e+01
-5.17703e+01
-1.24320e+02
-5.55581e+01
-6.13611e+01
-5.21800e+01
-8.98091e+01
-1.94625e+01
-5.53944e+01
-2.73661e+01
-5.36477e+01
-4.29329e+01
-8.44079e+01
-4.18345e+01
-1.79705e+01
-6.71146e+01
-5.52939e+01
-1.22579e+02
-9.83302e+01
-4.96963e+01
-2.31930e+01
-8.14296e+01
-6.17894e+01
-6.94682e+01
-6.43608e+01
-6.33500e+01
-1.24416e+02
-2.73795e+01
-1.13339e+02
-4.03489e+01
-4.16041e+01
-8.34187e+01
-2.67870e+01
-1.55555e+02
-3.78674e+01
-7.49889e+01
-1.03063e+02
-6.93228e+01
-7.86781e+01
-1.06511e+02
-2.22210e+01
-7.57191e+01
-2.69614e+01
-2.38025e+01
-1.47067e+01
-7.14157e+01
-1.74547e+01
-3.10963e+01
-5.14086e+01
-8.14346e+01
-5.95613e+01
-9.65494e+01
-9.02291e+01
-2.33293e+01
-7.77059e+01
-5.98565e+01
-1.13363e+02
-1.34109e+02
-6.51252e+01
-1.19014e+02
-5.78780e+01
-1.18417e+02
-9.40762e+01
-1.72537e+01
-1.56428e+01
-3.21724e+01
-2.93947e+01
-1.95211e+01
-1.23349e+01
-3.84037e+01
-7.64232e+01
-3.92958e+01
-6.59542e+01
-5.28346e+01
-2.40099e+01
-4.58956e+01
-1.28499e+01
-2.27165e+01
-6.17689e+01
-3.63908e+01
-6.82139e+00
-2.81504e+01
-9.85871e+00
-8.91201e+01
-5.02459e+01
-6.77609e+00
-3.94552e+01
-5.26554e+01
-8.75052e+01
-6.22973e+01
-1.04722e+02
-1.79450e+01
-8.30003e+01
-5.01099e+01
-4.29209e+01
-1.03861e+02
-1.37955e+02
-9.75697e+01
-7.93102e+01
-1.33831e+01
-3.93780e+01
-6.10161e+01
-2.56081e+01
-1.82851e+01
-9.89573e+01
-3.67485e+01
-7.45898e+01
-3.27965e+01
-2.04960e+02
-1.50135e+02
-3.94689e+01
-3.96687e+01
-3.63782e+01
-1.57103e+02
-2.99248e+01
-2.98973e+01
-1.75824e+01
-1.86924e+01
-6.36946e+01
-4.70540e+01
-4.88775e+01
-5.79728e+01
-8.29818e+01
-2.52289e+01
-5.25895e+01
-5.40311e+01
-6.77810e+01
-3.18351e+01
-1.24977e+01
-5.30748e+01
-1.67039e+02
-1.43333e+02
-5.19245e+01
-5.84355e+01
-4.84720e+01
-3.61867e+01
-7.78135e+01
-3.69179e+01
-6.00473e+01
-2.35948e+01
-5.37273e+01
-5.04306e+01
-7.50831e+01
-5.84260e+01
-9.52871e+01
-6.98834e+01
-1.79762e+01
-4.13843e+01
-8.41209e+01
-1.37410e+02
-4.26045e+01
-6.22886e+01
-4.73870e+01
-6.92508e+01
-5.34191e+01
-5.71125e+01
-6.57111e+01
-4.53154e+01
-7.57498e+01
-5.92721e+01
-1.02383e+02
-6.74357e+01
-4.70396e+01
-1.78103e+01
-5.29011e+01
-9.37594e+01
-3.03700e+01
-2.18800e+01
-3.66339e+01
-4.07252e+01
-8.62823e+01
-4.66683e+01
-3.78172e+01
-7.68508e+01
-4.44099e+01
-5.01594e+01
-8.36326e+01
-6.86383e+01
-1.14851e+01
-1.32436e+02
-2.43787e+01
-8.44887e+01
-4.16106e+01
-7.45602e+01
-5.87145e+01
-4.84672e+01
-4.08589e+01
-2.35835e+01
-6.58823e+01
-6.01567e+01
-3.37306e+01
-3.92026e+01
-2.24122e+01
-4.88811e+01
-6.32287e+01
-4.12455e+01
-7.35814e+01
-1.90087e+01
-6.16125e+01
-6.94453e+01
-9.20850e+01
-5.32104e+01
-5.93489e+01
-3.82656e+01
-4.37558e+01
-9.04065e+00
-5.71973e+01
-4.38128e+01
-9.04065e+00
-5.71973e+01
-3.39473e+01
-1.11820e+02
-4.44161e+01
-4.62622e+01
-1.35499e+02
-1.21467e+01
-7.17393e+01
-4.58796e+01
-2.81792e+01
-7.53925e+01
-4.30730e+01
-6.63518e+01
-5.02527e+01
-7.29533e+01
-2.79410e+01
-3.45088e+01
-5.52164e+01
-1.71961e+01
-8.31671e+01
-2.76142e+01
-7.57685e+01
-4.23120e+01
-5.58341e+01
-1.04547e+02
-7.17072e+01
-4.14035e+01
-7.80794e+01
-2.17065e+01
-3.85808e+01
-4.80275e+01
-3.98495e+01
-1.74637e+02
-7.06871e+01
-3.55428e+01
-5.53089e+01
-5.97940e+01
-5.34415e+01
-2.85154e+01
-6.28999e+01
-1.09814e+02
-6.44945e+01
-1.38619e+01
-1.37457e+01
-3.57095e+01
-4.18247e+01
-1.94960e+01
-4.14080e+01
-4.17733e+01
-3.28295e+01
-9.56864e+01
-4.01975e+01
-3.84761e+01
-9.04931e+01
-4.90093e+01
-4.65959e+01
-3.78512e+01
-2.90415e+01
-7.73449e+00
-3.15044e+01
-4.31300e+01
-2.71407e+01
-7.10159e+00
-5.28739e+01
-7.09149e+01
-4.06640e+01
-3.51190e+01
-8.31072e+01
-6.96114e+01
-2.00743e+01
-1.75270e+02
-4.71086e+01
-2.33337e+01
-1.21808e+02
-1.60136e+02
-4.87035e+01
-3.82451e+01
-3.85585e+01
-3.71737e+01
-2.65979e+01
-6.43664e+01
-5.45947e+01
-3.23932e+01
-1.90535e+01
-7.78610e+01
-6.48013e+01
-4.57253e+01
-5.85203e+01
-1.41910e+02
-7.51418e+00
-4.22443e+01
-1.20029e+02
-5.37591e+01
-7.93069e+01
-6.94437e+01
-8.09762e+01
-7.21984e+01
-4.06901e+01
-1.86757e+00
-1.57648e+02
-6.19073e+01
-7.84858e+01
-1.08638e+02
-3.30773e+01
-8.13190e+01
-8.79012e+01
-3.46382e+01
-2.62879e+01
-6.59467e+01
-6.94115e+01
-4.70808e+01
-3.34955e+01
-5.39595e+01
-7.05894e+01
-3.88417e+01
-6.04180e+01
-2.76996e+01
-6.98643e+01
-1.51718e+01
-7.06659e+01
-2.58093e+01
-3.81527e+01
-3.47155e+01
-2.08849e+01
-3.71193e+01
-3.67238e+00
-3.47185e+01
-7.13537e+00
-5.72125e+01
-9.94303e+01
-1.32055e+02
-6.41261e+01
-6.83880e+01
-2.84499e+01
-1.27625e+01
-7.68371e+00
-7.75931e+01
-1.29703e+02
-5.92143e+01
-4.89813e+01
-4.93015e+01
-1.07915e+02
-4.27315e+01
-2.47911e+01
-3.99202e+01
-5.71510e+01
-1.15308e+02
-4.74386e+01
-7.59676e+01
-7.52286e+01
-1.19573e+02
-1.58514e+01
-3.26266e+01
-2.77388e+01
-7.09638e+01
-1.19169e+02
-2.98021e+01
-3.13986e+01
-9.47596e+01
-8.00813e+01
-3.34562e+01
-1.21259e+02
-6.27254e+01
-1.99256e+01
-2.36607e+01
-4.27623e+00
-2.54338e+01
-3.82281e+01
-3.03378e+01
-2.96385e+01
-1.28679e+02
-1.43139e+01
-1.37987e+02
-4.44770e+01
-7.27453e+01
-2.72651e+01
-1.25605e+02
-4.66434e+01
-1.31703e+01
-4.64124e+01
-7.76119e+01
-8.79180e+00
-4.25801e+01
-4.81829e+01
-8.46119e+01
-6.51228e+01
-1.09460e+02
-4.15558e+01
-4.17614e+01
-6.81032e+01
-5.92556e+01
-2.34628e+01
-4.52402e+01
-4.20247e+01
-3.84487e+01
-4.57346e+01
-1.76680e+01
-7.00900e+01
-7.44091e+01
-9.89560e+01
-8.62360e+01
-4.60200e+01
-6.44494e+01
-3.65849e+01
-1.03241e+01
-3.76550e+01
-5.72786e+01
-4.60485e+01
-1.59411e+01
-4.63719e+01
-3.56220e+01
-2.98915e+01
-4.29624e+01
-5.63321e+01
-9.05493e+01
-2.87417e+01
-2.30816e+01
-5.21925e+01
-3.86536e+01
-6.38148e+01
-2.93515e+01
-1.43316e+02
-1.71380e+02
-2.32736e+02
-4.67001e+01
-6.47643e+00
-2.05307e+01
-1.31550e+02
-3.26732e+01
-1.02906e+02
-7.59983e+01
-9.20156e+01
-7.30946e+01
-1.42710e+02
-7.01420e+01
-9.25129e+01
-7.89052e+01
-8.38981e+01
-5.53012e+01
-8.99501e+01
-3.84112e+01
-8.10402e+00
-6.19495e+01
-7.88041e+01
-5.83960e+01
-8.08933e+01
-5.96565e+01
-2.89837e+01
-1.92606e+01
-1.86305e+02
-6.25476e+01
-1.11282e+02
-4.51879e+01
-5.29087e+01
-2.89004e+01
-1.50208e+02
-6.91908e+01
-2.23314e+01
-4.71605e+01
-1.65280e+02
-5.51836e+01
-6.18820e+00
-2.21494e+01
-4.67775e+01
-2.54257e+01
-9.34177e+01
-3.80014e+01
-7.62131e+01
-6.61125e+01
-8.21238e+01
-1.10941e+01
-1.30254e+01
-7.96906e+01
-4.00032e+00
-4.80266e+01
-2.37746e+01
-5.01814e+01
-9.10970e+01
-6.70159e+01
-5.74358e+01
-8.11055e+01
-5.16794e+01
-1.70721e+01
-7.34532e+01
-2.62983e+01
-1.07871e+02
-1.51956e+01
-4.27312e+01
-3.56204e+01
-7.06112e+00
-5.14207e+01
-1.10317e+02
-6.85777e+01
-1.40479e+01
-3.21323e+00
-9.23590e+01
-1.06742e+01
-1.78185e+01
-4.33153e+01
-4.25336e+00
-9.54700e+01
-2.70987e+01
-2.72046e+01
-4.31227e+01
-7.17924e+01
-1.11379e+02
-2.95229e+01
-4.35689e+01
-4.67412e+01
-3.63230e+01
-1.17246e+01
-2.66039e+01
-5.78477e+01
-3.95896e+01
-9.68174e+01
-2.22099e+01
-6.15221e+00
-1.58828e+01
-7.13942e+01
-3.79081e+01
-5.17535e+00
-1.11083e+02
-8.00290e-01
-3.07658e+01
-1.35278e+01
-2.18372e+01
-1.85970e+01
-2.16740e+01
-1.40533e+02
-3.27008e+01
-7.09197e+01
-4.20467e+01
-5.32074e+01
-3.58389e+01
-2.44974e+01
-5.48330e+01
-5.26331e+01
-6.23488e+01
-7.70200e+01
-3.98513e+01
-5.60960e+01
-1.15410e+02
-2.36620e+02
-6.96488e+01
-4.52428e+01
-4.98190e+01
-5.53823e+01
-5.15133e+01
-1.58186e+01
-5.69502e+01
-4.61329e+01
-7.56516e+01
-2.84401e+01
-1.48694e+02
-7.60171e+01
-1.57257e+01
-2.15840e+01
-4.73066e+01
-6.89580e+01
-6.87988e+01
-1.28438e+01
-2.98303e+01
-5.11752e+01
-1.66518e+01
-8.20941e+01
-6.20211e+01
-5.22609e+01
-3.31964e+01
-1.06571e+02
-7.44905e+01
-8.89510e+01
-5.47721e+01
-8.16907e+01
-4.60156e+01
-2.00511e+01
-5.14219e+01
-1.72301e+01
-3.28288e+01
-1.25940e+01
-4.58799e+01
-1.00231e+02
-2.11230e+02
-1.18854e+02
-1.45420e+01
-5.23803e+01
-4.83012e+01
-1.27838e+02
-6.04362e+01
-1.83534e+01
-5.37082e+01
-4.28070e+01
-4.91064e+01
-2.13654e+01
-1.94965e+02
-6.17452e+01
-2.33327e+01
-6.45580e+01
-7.57939e+01
-4.55292e+01
-9.59845e+01
-6.27869e+01
-1.00979e+02
-4.13234e+01
-1.09234e+02
-3.69558e+01
-1.79785e+01
-4.85304e+01
-4.26390e+01
-3.49382e+01
-2.24656e+01
-6.87017e+00
-2.29829e+00
-9.07745e+01
-5.35280e+01
-1.24289e+02
-6.37619e+01
-1.60032e+02
-5.39858e+01
-4.89642e+01
-2.89761e+01
-1.03382e+01
-8.18464e+01
-3.50686e+01
-4.86139e+01
-4.58667e+01
-7.83221e+01
-3.98052e+01
-2.55970e-01
-3.02233e+00
-8.35738e+00
-6.68971e+01
-5.17285e+01
-3.41695e+01
-6.76300e+01
-3.27937e+01
-6.37723e+01
-1.28363e+02
-6.29049e+01
-2.02146e+01
-5.94433e+01
-2.81546e+01
-9.01558e+01
-6.05217e+01
-1.47659e+02
-1.87634e+02
-1.07533e+02
-6.76307e+01
-7.08385e+01
-1.36144e+02
-5.94484e+01
-7.45941e+01
-9.63583e+00
-3.08481e+01
-1.11235e+02
-7.24111e+01
-1.48173e+01
-6.06266e+01
-6.91398e+01
-1.38541e+01
-3.53597e+01
-7.04041e+01
-3.87258e+01
-1.27662e+02
-3.17596e+01
-6.75942e+01
-1.67887e+01
-3.00712e+01
-2.49594e+01
-8.49405e+01
-2.36361e+01
-4.61430e+01
-1.64544e+01
-4.41734e+01
-9.44987e+01
-1.67998e+01
-7.65057e+01
-5.42982e+01
-4.55209e+01
-3.83984e+01
-1.03005e+02
-9.14724e+01
-1.35536e+02
-4.37237e+00
-8.82495e+00
-1.22283e+02
-1.04418e+02
-7.74721e+01
-8.60080e+01
-9.98245e+01
-5.58624e+01
-4.09596e+01
-7.15109e+01
-1.26086e+02
-5.63269e+01
-4.50650e+01
-4.39064e+01
-1.17920e+02
-1.82696e+02
-1.35691e+02
-2.77738e+02
-1.06330e+02
-8.18957e+01
-5.81248e+01
-6.14848e+01
-8.61007e+01
-7.97454e+01
-4.05127e+01
-7.56785e+01
-3.01300e+01
-1.16786e+02
-1.05724e+02
-1.35008e+02
-1.08475e+02
-1.17638e+02
-7.33643e+01
-3.87245e+01
-1.06033e+02
-1.85667e+02
-2.44177e+01
-9.03947e+01
-5.67055e+01
-8.92594e+01
-2.34635e+00
-4.69448e+01
-1.09061e+01
-6.72589e+01
-3.25165e+01
-5.42449e+01
-1.31977e+02
-7.38161e+01
-2.80496e+01
-8.86080e+00
-1.12076e+02
-5.88688e+01
-1.10731e+01
-9.48885e+00
-8.07549e+01
-4.47403e+01
-1.79756e+02
-2.81401e+01
-4.75112e+01
-8.89927e+01
-9.25294e+01
-7.15014e+01
-1.86845e+02
-1.24982e+02
-4.85242e+01
-7.36346e+01
-3.97380e+01
-1.35066e+02
-4.64673e+01
-5.64827e+01
-5.51995e+01
-2.14307e+01
-5.65441e+01
-3.21813e+01
-8.62037e+01
-1.01952e+02
-9.25230e+01
-1.04452e+02
-4.03611e+01
-2.14840e+01
-4.52560e+01
-2.95555e+01
-1.74364e+01
-2.46236e+01
-1.06769e+02
-2.27979e+01
-9.38653e+01
-5.64790e+01
-2.77001e+01
-2.22340e+01
-3.54238e+01
-6.03624e+01
-4.62216e+01
-2.41164e+01
-2.16859e+01
-8.69725e+00
-9.14411e+01
-5.71012e+00
-9.21470e+00
-3.55462e+00
-3.93802e+01
-2.81919e+01
-4.75545e+01
-2.29647e+01
-4.97271e+01
-3.94802e+01
-3.19307e+01
-4.56770e+01
-6.49631e+01
-1.22052e+01
-3.87181e+01
-1.95572e+01
-3.32867e+01
-8.91207e+01
-2.99027e+01
-2.54249e+00
-5.65009e+01
-2.36453e+01
-3.70063e+01
-2.03312e+01
-2.97882e+01
-1.51268e+00
-2.51765e+01
-3.39641e+01
-2.83949e+01
-3.29855e+01
-1.00666e+02
-7.22948e+01
-1.44069e+01
-2.89456e+01
-1.67233e+01
-2.91935e+00
-4.59061e+01
-3.98993e+01
-1.14631e+01
-2.67800e+01
-4.25393e+01
-7.49562e+01
-2.41538e+01
-8.48424e+01
-5.54306e+01
-1.53695e+02
-3.55936e+01
-6.74893e+01
-3.41100e+01
-1.09593e+02
-6.90705e+01
-1.97846e+01
-5.99143e+01
-3.22974e+01
-2.84242e+01
-8.28376e+01
-2.48252e+01
-2.19879e+01
-3.18575e+01
-5.85432e+01
-5.56903e+01
-1.98019e+01
-6.33950e+01
-9.32153e+01
-6.86067e+01
-2.79234e+01
-3.08088e+01
-6.27069e+01
-4.48286e+02
-7.80300e+01
-8.06276e+00
-4.78670e+01
-6.67441e+00
-3.19171e+01
-2.42671e+01
-6.31499e+01
-4.52122e+01
-4.98982e+00
-9.79420e+01
-8.49350e+01
-3.14061e+01
-5.64396e+01
-5.16011e+01
-2.61610e+01
-5.70508e+01
-1.15392e+02
-2.59265e+00
-6.98712e+01
-1.33180e+02
-6.94052e+01
-4.29477e+01
-6.86181e+01
-1.04218e+02
-2.35517e+01
-4.04899e+01
-4.27694e+01
-3.12060e+01
-2.31447e+01
-7.65344e+01
-3.50076e+01
-4.03139e+01
-4.65525e+01
-9.50700e+01
-1.57992e+02
-1.00726e+02
-4.55882e+01
-1.73536e+02
-1.36537e+02
-1.26261e+02
-8.31991e+01
-6.93178e+01
-5.69763e+01
-1.24499e+02
-2.69656e+02
-2.55992e+01
-1.74136e+02
-4.60716e+01
-2.61001e+01
-4.47461e+01
-8.86289e+01
-1.12827e+02
-8.86452e+01
-4.79927e+01
-1.09742e+02
-1.72662e+02
-1.05580e+02
-1.28773e+02
-2.43677e+01
-1.99691e+02
-6.53063e+01
-9.67486e+01
-8.88818e+01
-3.61494e+01
-6.65919e+01
-1.27045e+01
-7.98452e+01
-5.41820e+00
-6.38589e+01
-1.19170e+02
-7.22343e+01
-6.85659e+01
-3.01632e+01
-4.83815e+01
-1.61215e+01
-6.03582e+01
-4.11774e+01
-2.32968e+01
-1.02411e+02
-6.44244e+00
-2.54044e+01
-3.55081e+01
-4.83432e+01
-1.60367e+01
-5.08811e+01
-2.41229e+01
-4.91423e+01
-2.39155e+01
-6.51904e+01
-4.56912e+01
-5.27452e+01
-5.01036e+01
-1.07474e+02
-7.31893e+01
-5.04684e+01
-2.80298e+00
-4.82889e+01
-2.48744e+01
-1.41867e+01
-5.58517e+01
-3.70059e+01
-6.20734e+01
-3.89654e+01
-6.24655e+01
-3.23016e+01
-9.77292e+01
-1.29851e+01
-5.90264e+00
-9.51276e+01
-7.94147e+01
-6.38627e+00
-5.47948e+01
-3.26679e+01
-5.45750e+01
-1.27007e+01
-7.40526e+00
-7.68591e+01
-4.30656e+01
-1.80274e+01
-7.10101e+01
-7.32224e+01
-6.39781e+01
-7.29887e+01
-4.98668e+01
-3.21357e+01
-2.80136e+01
-5.62964e+01
-5.83067e+01
-4.87618e+01
-7.92308e+00
-3.12205e+01
-3.81577e+01
-4.36423e+01
-5.62433e+01
-2.41163e+01
-2.99671e+01
-2.12644e+01
-5.88826e+01
-4.26754e+01
-6.95274e+01
-6.11002e+01
-3.49298e+01
-6.48019e+01
-2.97477e+01
-1.38124e+01
-3.45049e+01
-6.49850e+00
-3.94236e+01
-3.83172e+01
-2.31273e+01
-2.95780e+01
-2.89505e+01
-3.46514e+00
-7.27327e+01
-3.60652e+01
-9.15735e+01
-3.54595e+01
-6.35641e+01
-9.71617e+01
-8.73196e+01
-5.08834e+01
-4.39877e+01
-6.25835e+01
-6.86582e+01
-1.21982e+01
-4.17020e+01
-4.46347e+01
-3.19805e+01
-1.01636e+01
-5.90283e+01
-2.75613e-01
-6.76823e+01
-5.78438e+01
-2.80732e+01
-3.06137e+01
-3.07801e+01
-1.01486e+02
-1.81538e+02
-5.49614e+01
-3.81436e+01
-1.09279e+02
-8.96947e+01
-9.15637e+01
-6.29236e+01
-2.05932e+02
-4.25302e+01
-7.01036e+01
-6.34627e+01
-1.26244e+02
-7.01047e+01
-1.24147e+02
-1.07537e+02
-5.11235e+01
-4.29006e+01
-4.61169e+01
-9.45172e+01
-8.87505e+01
-1.38376e+02
-1.30499e+02
-7.13361e+01
-1.02925e+02
-1.16262e+01
-4.51946e+01
-1.10563e+02
-1.29367e+02
-5.29021e+01
-8.28843e+01
-9.46136e+01
-9.04720e+01
-8.66112e+01
-5.61324e+01
-1.80530e+01
-2.61185e+01
-5.65935e+01
-1.37789e+02
-2.66737e+01
-8.72269e+01
-7.66673e+01
-9.41798e+01
-8.88074e+01
-7.94262e+01
-6.93685e+01
-1.41149e+02
-4.67344e+01
-6.68177e+01
-6.69651e+01
-4.28076e+01
-1.72319e+02
-1.66873e+01
-7.83627e+01
-5.54398e+01
-9.59203e+01
-7.93517e+01
-7.87659e+01
-1.63422e+02
-1.27069e+02
-9.85044e+01
-1.40950e+01
-1.51196e+01
-2.56900e+01
-3.72390e+01
-2.21115e+02
-9.25484e+01
-5.21740e+01
-7.68271e+01
-4.16052e+01
-5.04224e+01
-3.60317e+01
-1.69590e+01
-5.34295e+01
-8.01309e+01
-3.84627e+01
-8.92818e+01
-2.19534e+01
-2.85998e+01
-1.01163e+02
-2.46501e+01
-7.04011e+01
-5.04037e+01
-8.83557e+01
-8.75964e+01
-2.51002e+01
-2.77510e+01
-7.63464e+01
-2.91385e+02
-3.94804e+02
-1.29514e+02
-6.01314e+01
-1.18263e+02
-5.59516e+01
-1.96682e+01
-2.13692e+01
-3.30233e+01
-1.37198e+02
-1.70587e+02
-2.39865e+02
-1.77102e+01
-1.43861e+01
-5.54434e+01
-4.44812e+01
-2.14564e+01
-3.97759e+01
-2.37366e+02
-1.98291e+02
-5.12954e+01
-2.64194e+01
-4.40759e+01
-1.82891e+01
-2.15350e+02
-1.36505e+01
-1.92795e+02
-1.12319e+02
-1.38064e+01
-1.14470e+02
-6.43932e+01
-2.15988e+01
-2.06264e+01
-8.02055e+01
-5.27687e+01
-6.76305e+01
-1.62494e+02
-8.27051e+01
-1.41918e+02
-7.04482e+01
-1.14078e+02
-4.21349e+01
-8.79236e+01
-1.51666e+02
-1.12276e+01
-3.35046e+01
-7.61768e+01
-1.42439e+02
-2.27829e+01
-2.24427e+01
-9.08969e+01
-1.39593e+02
-9.53635e+01
-2.40852e+02
-5.54218e+01
-4.94539e+01
-1.73919e+01
-1.51457e+02
-9.74822e+01
-1.56300e+02
-5.11665e+01
-2.15786e+01
-2.47822e+01
-1.56153e+02
-7.35422e+01
-1.71779e+02
-1.96713e+01
-1.65588e+02
-7.91676e+01
-3.91678e+00
-7.66522e+01
-7.83008e+01
-2.02266e+00
-1.44225e+02
-1.63696e+01
-3.79446e+01
-8.72113e+01
-4.15754e+01
-3.07927e+02
-2.59022e+02
-2.61360e+01
-2.09771e+01
-9.24264e+01
-8.01658e+00
-1.79496e+02
-8.30634e+01
-2.90907e+01
-7.90939e+01
-9.96785e+01
-8.80751e+01
-9.44782e+00
-6.25199e+01
-6.14746e+01
-6.82461e+01
-8.35706e+01
-5.80264e+01
-5.81948e+01
-1.28274e+02
-5.16314e+01
-4.90683e+01
-1.03325e+02
-1.31755e+02
-7.09383e+01
-5.41471e+01
-1.42324e+01
-1.39660e+01
-2.58143e+01
-2.01787e+01
-6.57083e+01
-1.39059e+01
-1.38724e+01
-3.06715e+01
-3.47279e+01
-2.80469e+01
-5.26980e+01
-1.48303e+01
-3.93488e+01
-5.83190e+01
-5.19105e+01
-5.98806e+01
-1.91875e+01
-6.76552e+00
-1.18666e+02
-3.49714e+01
-2.63164e+01
-1.05000e+02
-4.01139e+01
-6.86734e+00
-1.22143e+02
-7.08658e+01
-4.90767e+01
-6.71074e+01
-1.32066e+01
-4.00995e+01
-5.63666e+01
-7.94125e+01
-3.75855e+01
-1.32769e+02
-1.03332e+02
-7.75366e+01
-5.56523e+01
-6.23271e+01
-6.39820e+01
-1.04082e+02
-5.69010e+01
-9.75744e+01
-3.69617e+01
-1.15358e+02
-8.66834e+01
-3.75285e+01
-3.93267e+01
-2.09195e+01
-8.93952e+01
-4.36536e+01
-3.39408e+01
-6.54918e+01
-1.28606e+02
-7.11635e+01
-6.34001e+01
-6.99204e+01
-5.95398e+01
-4.81414e+01
-9.83817e+01
-7.88687e+01
-6.13302e+01
-8.16361e+01
-8.20544e+01
-2.86613e+01
-3.84335e+01
-2.13621e+01
-1.68623e+02
-1.73154e+02
-9.06238e+01
-5.47009e+01
-3.35906e+01
-6.29964e+01
-2.35915e+01
-2.13621e+01
-7.69142e+01
-2.68918e+01
-5.30557e+01
-2.13194e+01
-1.15328e+02
-7.90228e+01
-3.52614e+01
-1.17980e+02
-8.64796e+00
-5.29379e+01
-7.36281e+01
-3.16543e+01
-1.02097e+02
-9.46334e+01
-5.17205e+01
-3.48270e+01
-5.54071e+00
-6.68631e+01
-9.37217e+01
-4.22657e+01
-1.03485e+02
-1.88133e+01
-4.23362e+01
-1.36558e+01
-9.67408e+01
-5.45180e+01
-1.57636e+01
-1.46025e+02
-1.36710e+01
-4.55240e+01
-6.52910e+01
